Gaussian Test Job 318: Potential cube
SCF Total Density
    3   -9.393328   -9.393328   -8.985941
   10    2.087406    0.000000    0.000000
   10    0.000000    2.087406    0.000000
   10    0.000000    0.000000    2.087406
    8    8.000000    0.000000    0.000000    0.215580
    1    1.000000    0.000000    1.435626   -0.862319
    1    1.000000    0.000000   -1.435626   -0.862319
    1    10
  1.88175E-03  1.79419E-03  1.51013E-03  9.93986E-04  2.86401E-04 -4.81750E-04
 -1.14728E-03 -1.60245E-03 -1.83108E-03 -1.87998E-03
