    6   -1.415037035942    0.045779999346    0.265073001385
    6   -0.681926012039    1.232205986977   -0.064042001963
    6    0.655709981918    1.173225045204   -0.240339994431
    6    1.404260993004    0.009207000025    0.376397997141
    6    0.668819010258   -1.157546997070   -0.209296002984
    6   -0.785407006741   -1.151512980461   -0.005929999985
    1   -1.298449993134   -2.094075918198    0.016651999205
    1   -2.463486909866    0.079323001206    0.480893999338
    1   -1.224935054779    2.127156972885   -0.307274013758
    1    1.205140948296    1.958502054214   -0.722994029522
    1    2.455554008484    0.007650000043    0.125729992986
    1    1.176970958710   -2.035855054855   -0.558097004890
    1    1.306620955467    0.013584000058    1.463842034340
    1   -0.020798999816   -0.956725001335   -1.232557058334
