    6   -1.414217948914    0.026558000594    0.259997010231
    6   -0.672908008099    1.238185048103   -0.068833000958
    6    0.655107975006    1.187852025032   -0.225824996829
    6    1.398545980453    0.006980999839    0.363597989082
    6    0.651295006275   -1.158555984497   -0.256478995085
    6   -0.803840994835   -1.151646971703    0.042831998318
    1   -1.334133982658   -2.084676027298    0.020484000444
    1   -2.466412067413    0.079784996808    0.461528003216
    1   -1.228695034981    2.118021011353   -0.335141003132
    1    1.202682971954    1.990488052368   -0.682241976261
    1    2.450292110443    0.006049999967    0.110841996968
    1    1.161417961121   -2.103306055069   -0.369376987219
    1    1.311344981194    0.006171999965    1.448606014252
    1    0.426346987486   -0.889334022999   -1.310246944427
