    6   -1.414527058601    0.023826999590    0.258810013533
    6   -0.671639978886    1.239081025124   -0.070477999747
    6    0.655529022217    1.192023038864   -0.221294000745
    6    1.397071957588    0.006176999770    0.360635012388
    6    0.649348020554   -1.158979058266   -0.266481995583
    6   -0.806456983089   -1.152356982231    0.051010999829
    1   -1.340947985649   -2.083178043365    0.030936999246
    1   -2.466741085052    0.080585002899    0.460088014603
    1   -1.229482054710    2.116168975830   -0.341432005167
    1    1.202808976173    1.999506950378   -0.669476985931
    1    2.448540925980    0.005282999948    0.105884999037
    1    1.153161048889   -2.113125085831   -0.322887986898
    1    1.312965989113    0.003502999898    1.445580005646
    1    0.497963011265   -0.890285015106   -1.327468991280
