    6   -1.414713978767    0.042059000582    0.264292001724
    6   -0.680146992207    1.233368039131   -0.064667001367
    6    0.655341029167    1.175343036652   -0.238406002522
    6    1.403329968452    0.009088000283    0.374193012714
    6    0.664985001087   -1.157892942429   -0.217108994722
    6   -0.788882017136   -1.151044964790    0.003048999934
    1   -1.304026007652   -2.092519998550    0.012342999689
    1   -2.464070081711    0.078914999962    0.476983994246
    1   -1.225535035133    2.125616073608   -0.311820000410
    1    1.204527974129    1.963152050972   -0.717478990555
    1    2.454834938049    0.007439999841    0.123868003488
    1    1.176612019539   -2.048659086227   -0.530867993832
    1    1.306959033012    0.012275000103    1.461004972458
    1    0.064787998796   -0.941434025764   -1.241745948792
