    6   -1.414564013481    0.040215998888    0.263875991106
    6   -0.679277002811    1.233940958977   -0.064998000860
    6    0.655191004276    1.176442980766   -0.237369999290
    6    1.402863979340    0.008981999941    0.373097985983
    6    0.663156986237   -1.158005952835   -0.221132993698
    6   -0.790642023087   -1.150892972946    0.007548000198
    1   -1.306980013847   -2.091710090637    0.010904000141
    1   -2.464363098145    0.078795000911    0.475017011166
    1   -1.225847959518    2.124835968018   -0.314130991697
    1    1.204229950905    1.965569019318   -0.714568018913
    1    2.454466104507    0.007348999847    0.122867003083
    1    1.176197052002   -2.055042982101   -0.516299009323
    1    1.307217001915    0.011677999981    1.459614038467
    1    0.107075996697   -0.933888018131   -1.247182965279
