    6   -1.414103984833    0.031327001750    0.261572986841
    6   -0.675127983093    1.236693024635   -0.067036002874
    6    0.654856979847    1.182821989059   -0.231068998575
    6    1.400367975235    0.007970999926    0.367431998253
    6    0.655104994774   -1.158300042152   -0.242443993688
    6   -0.799256026745   -1.150949001312    0.029898000881
    1   -1.323449015617   -2.087331056595    0.011797999963
    1   -2.465738058090    0.079011000693    0.465714007616
    1   -1.227560997009    2.120719909668   -0.326577007771
    1    1.202991008759    1.979539036751   -0.696978986263
    1    2.452248096466    0.006775999907    0.116495996714
    1    1.170014977455   -2.086277008057   -0.431504994631
    1    1.309355974197    0.008710999973    1.452787995338
    1    0.311394989491   -0.900231003761   -1.283763051033
