    6   -1.415032029152    0.021611999720    0.257432997227
    6   -0.670635998249    1.239897966385   -0.072676002979
    6    0.656168997288    1.197077035904   -0.215562999249
    6    1.395306944847    0.005289999768    0.357084006071
    6    0.648060977459   -1.159893989563   -0.276796013117
    6   -0.808611989021   -1.153169989586    0.058584000915
    1   -1.346758008003   -2.082178115845    0.046068999916
    1   -2.466864109039    0.081642001867    0.460485011339
    1   -1.230280041695    2.114413976669   -0.348145991564
    1    1.203310966492    2.010344028473   -0.653364002705
    1    2.446343898773    0.004315000027    0.099739000201
    1    1.143121957779   -2.121057987213   -0.272895991802
    1    1.314756035805   -0.000652000017    1.442100048065
    1    0.563100993633   -0.900775015354   -1.343518018723
