    6   -1.414755940437    0.022645000368    0.258150994778
    6   -0.671097993851    1.239498019218   -0.071496002376
    6    0.655822992325    1.194427967072   -0.218601003289
    6    1.396229982376    0.005741000175    0.358952999115
    6    0.648609995842   -1.159350991249   -0.271627008915
    6   -0.807597994804   -1.152760028839    0.054891999811
    1   -1.344033956528   -2.082600116730    0.037873998284
    1   -2.466839075089    0.081079997122    0.460004985332
    1   -1.229881048203    2.115267038345   -0.344745993614
    1    1.203008055687    2.004678010941   -0.661898970604
    1    2.447500944138    0.004815999884    0.102971002460
    1    1.148331046104   -2.117377042770   -0.298258990049
    1    1.313846945763    0.001659999951    1.443917036057
    1    0.531524002552   -0.894186019897   -1.335669040680
