    6   -1.415534973145    0.051463000476    0.266106009483
    6   -0.684732019901    1.230419993401   -0.063137002289
    6    0.656433999538    1.170089006424   -0.243009999394
    6    1.405712962151    0.009162999690    0.379873007536
    6    0.674920976162   -1.156599044800   -0.198223993182
    6   -0.780403971672   -1.152624964714   -0.019333999604
    1   -1.290717005730   -2.096306085587    0.026647999883
    1   -2.462668895721    0.080372996628    0.486532002687
    1   -1.224091053009    2.129478931427   -0.300408989191
    1    1.206051945686    1.951640009880   -0.731000006199
    1    2.456654071808    0.008096000180    0.128372997046
    1    1.176864027977   -2.016458034515   -0.595106005669
    1    1.306635022163    0.016045000404    1.468304038048
    1   -0.150923997164   -0.979884982109   -1.222038030624
