    6   -1.416116952896    0.059337001294    0.267183989286
    6   -0.688902020454    1.227928996086   -0.061840999871
    6    0.657778978348    1.165488004684   -0.246411994100
    6    1.407915949821    0.008760999888    0.385275006294
    6    0.683375000954   -1.154229998589   -0.184966996312
    6   -0.774313986301   -1.154922008514   -0.037052001804
    1   -1.280521035194   -2.098880052567    0.047053001821
    1   -2.461822986603    0.082658000290    0.493274986744
    1   -1.222973942757    2.132709980011   -0.290412008762
    1    1.207126021385    1.941686987877   -0.742565989494
    1    2.458323001862    0.009052000009    0.132176995277
    1    1.176519036293   -1.989061951637   -0.639306008816
    1    1.307986021042    0.020849000663    1.474768042564
    1   -0.325652986765   -1.011407017708   -1.212651014328
