    6   -1.416340947151    0.063492998481    0.267619997263
    6   -0.691318988800    1.226616024971   -0.061096999794
    6    0.658712029457    1.162801027298   -0.248119994998
    6    1.409198999405    0.008500000462    0.388518005610
    6    0.687485992908   -1.152528047562   -0.179114997387
    6   -0.771543025970   -1.156407952309   -0.045880001038
    1   -1.275042057037   -2.100212097168    0.060972999781
    1   -2.461532115936    0.084244996309    0.496174007654
    1   -1.222426056862    2.134541034698   -0.284687012434
    1    1.207553982735    1.935989022255   -0.749352991581
    1    2.459319114685    0.009719000198    0.134424999356
    1    1.177062034607   -1.974442005157   -0.660239994526
    1    1.309525012970    0.024298999459    1.478263974190
    1   -0.412369996309   -1.027866005898   -1.210118055344
