    6   -1.414100050926    0.029667999595    0.261067986488
    6   -0.674355983734    1.237208008766   -0.067566998303
    6    0.654895007610    1.184365034103   -0.229485005140
    6    1.399799942970    0.007672000211    0.366210013628
    6    0.653735995293   -1.158359050751   -0.246995002031
    6   -0.800857007504   -1.151126980782    0.034274000674
    1   -1.326998949051   -2.086424112320    0.013886000030
    1   -2.465979099274    0.079214997590    0.464129000902
    1   -1.227931022644    2.119838953018   -0.329322010279
    1    1.202836036682    1.982905030251   -0.692537009716
    1    2.451668977737    0.006583000068    0.114812001586
    1    1.167636036873   -2.092181921005   -0.411807000637
    1    1.309957981110    0.007988000289    1.451418042183
    1    0.350493997335   -0.895362973213   -1.292495965958
