    6   -1.415689945221    0.020083000883    0.255733013153
    6   -0.670023024082    1.240668058395   -0.075638003647
    6    0.656983017921    1.203186035156   -0.208253994584
    6    1.393203973770    0.004366000183    0.352591007948
    6    0.647606015205   -1.161679029465   -0.286873012781
    6   -0.810204029083   -1.153972029686    0.065237000585
    1   -1.350576043129   -2.081850051880    0.066707000136
    1   -2.466548919678    0.082985997200    0.463546991348
    1   -1.231073021889    2.113032102585   -0.355015993118
    1    1.204282999039    2.023315906525   -0.632936000824
    1    2.443694114685    0.003373000072    0.092260003090
    1    1.132277011871   -2.126605033875   -0.221330001950
    1    1.316627025604   -0.007073000073    1.437821984291
    1    0.618321001530   -0.923030018806   -1.357839941978
