    6   -1.414873003960    0.043914001435    0.264690995216
    6   -0.681029021740    1.232789039612   -0.064350001514
    6    0.655514001846    1.174273967743   -0.239392995834
    6    1.403794050217    0.009162999690    0.375290006399
    6    0.666873991489   -1.157742977142   -0.213163003325
    6   -0.787133991718   -1.151252031326   -0.001444000052
    1   -1.301185965538   -2.093307971954    0.014262000099
    1   -2.463777065277    0.079090997577    0.478947013617
    1   -1.225231051445    2.126389026642   -0.309538990259
    1    1.204833030701    1.960803985596   -0.720277011395
    1    2.455195903778    0.007538999896    0.124817997217
    1    1.176856994629   -2.042263031006   -0.544779002666
    1    1.306758999825    0.012906000018    1.462412953377
    1    0.022144999355   -0.949056982994   -1.236893057823
