    6   -1.414347052574    0.025136999786    0.259422004223
    6   -0.672246992588    1.238644003868   -0.069599002600
    6    0.655291020870    1.189839005470   -0.223688006401
    6    1.397840976715    0.006591999903    0.362172007561
    6    0.650250971317   -1.158727049828   -0.261420994997
    6   -0.805199980736   -1.151981949806    0.046980001032
    1   -1.337617039680   -2.083882093430    0.025175999850
    1   -2.466593980789    0.080155000091    0.460626006126
    1   -1.229086041451    2.117094039917   -0.338227003813
    1    1.202705025673    1.994793057442   -0.676218986511
    1    2.449469089508    0.005696000066    0.108501002192
    1    1.157539963722   -2.108411073685   -0.346625000238
    1    1.312127947807    0.004978000186    1.447131991386
    1    0.462799012661   -0.888774991035   -1.318976044655
