    6   -1.415204048157    0.047658998519    0.265437006950
    6   -0.682839989662    1.231616973877   -0.063740000129
    6    0.655928015709    1.172186017036   -0.241253003478
    6    1.404732942581    0.009220999666    0.377523988485
    6    0.670813977718   -1.157297015190   -0.205513998866
    6   -0.783706009388   -1.151828050613   -0.010408000089
    1   -1.295804977417   -2.094830036163    0.019509000704
    1   -2.463203907013    0.079613998532    0.482814013958
    1   -1.224647998810    2.127926111221   -0.305007994175
    1    1.205448031425    1.956222057343   -0.725665986538
    1    2.455913066864    0.007776999846    0.126616999507
    1    1.176988959312   -2.029427051544   -0.570883989334
    1    1.306550025940    0.014324000105    1.465296983719
    1   -0.063992001116   -0.964420974255   -1.228672027588
