    6   -1.415351986885    0.020759999752    0.256632000208
    6   -0.670275986195    1.240282058716   -0.074051000178
    6    0.656565010548    1.199998974800   -0.212119996548
    6    1.394296050072    0.004825999960    0.354981988668
    6    0.647720992565   -1.160627007484   -0.281937003136
    6   -0.809484004974   -1.153599977493    0.062049001455
    1   -1.348952054977   -2.081861972809    0.055732000619
    1   -2.466773986816    0.082277998328    0.461629003286
    1   -1.230679035187    2.113652944565   -0.351592987776
    1    1.203745961189    2.016581058502   -0.643737018108
    1    2.445069074631    0.003816999961    0.096161998808
    1    1.137750983238   -2.124263048172   -0.247158005834
    1    1.315696954727   -0.003524000058    1.440103054047
    1    0.592151999474   -0.910479009151   -1.350782036781
