    6   -1.414212942123    0.034791998565    0.262537002563
    6   -0.676739990711    1.235622048378   -0.066119998693
    6    0.654896974564    1.180045962334   -0.233863994479
    6    1.401417970657    0.008472999558    0.369764000177
    6    0.658095002174   -1.158205032349   -0.233661994338
    6   -0.795894980431   -1.150760054588    0.021019000560
    1   -1.316550016403   -2.089138031006    0.009682999924
    1   -2.465215921402    0.078763999045    0.469244986773
    1   -1.226847052574    2.122420072556   -0.321373999119
    1    1.203413963318    1.973469972610   -0.704788029194
    1    2.453241109848    0.007058000192    0.119390003383
    1    1.173493981361   -2.074018001556   -0.468026995659
    1    1.308330059052    0.009960000403    1.455507993698
    1    0.231281995773   -0.912388026714   -1.267382979393
