    6   -1.415370941162    0.049552001059    0.265780985355
    6   -0.683773994446    1.231022000313   -0.063438996673
    6    0.656168997288    1.171144962311   -0.242140993476
    6    1.405215978622    0.009205999784    0.378679007292
    6    0.672851026058   -1.156983971596   -0.201820999384
    6   -0.782037019730   -1.152199029922   -0.014875999652
    1   -1.293233990669   -2.095571994781    0.022838000208
    1   -2.462929964066    0.079962998629    0.484696000814
    1   -1.224367022514    2.128699064255   -0.302724987268
    1    1.205752968788    1.953941941261   -0.728322982788
    1    2.456279039383    0.007925000042    0.127494007349
    1    1.176942944527   -2.022967100143   -0.583200991154
    1    1.306552052498    0.015139999799    1.466783046722
    1   -0.107382997870   -0.972140014172   -1.225180029869
