    6   -1.415985941887    0.057325001806    0.266948014498
    6   -0.687795996666    1.228562951088   -0.062183998525
    6    0.657392978668    1.166720032692   -0.245560005307
    6    1.407323956490    0.008887999691    0.383799999952
    6    0.681243002415   -1.154940962791   -0.188079997897
    6   -0.775754988194   -1.154240965843   -0.032643001527
    1   -1.283254981041   -2.098489999771    0.041150998324
    1   -2.461985111237    0.081986002624    0.491686999798
    1   -1.223279953003    2.131911039352   -0.293069988489
    1    1.206890940666    1.944352984428   -0.739484012127
    1    2.457880020142    0.008771999739    0.131153002381
    1    1.176700949669   -1.996405959129   -0.628826975822
    1    1.307468056679    0.019443999976    1.473132967949
    1   -0.281973987818   -1.003397941589   -1.214519977570
