    6   -1.415843963623    0.055346000940    0.266689985991
    6   -0.686738014221    1.229192018509   -0.062513001263
    6    0.657043993473    1.167889952660   -0.244714006782
    6    1.406762957573    0.009000999853    0.382420003414
    6    0.679126977921   -1.155585050583   -0.191343992949
    6   -0.777260005474   -1.153645992279   -0.028218999505
    1   -1.285755038261   -2.097767114639    0.035780001432
    1   -2.462193965912    0.081381998956    0.490034997463
    1   -1.223549962044    2.131081104279   -0.295601010323
    1    1.206624031067    1.946871042252   -0.736545979977
    1    2.457451105118    0.008518000133    0.130189001560
    1    1.176718950272   -2.003207921982   -0.617877006531
    1    1.307082056999    0.018182000145    1.471477031708
    1   -0.238268002868   -0.995495975018   -1.216714024544
