    6   -1.416463971138    0.065546996891    0.267789989710
    6   -0.692480981350    1.225944995880   -0.060711000115
    6    0.659146010876    1.161389946938   -0.248996004462
    6    1.409857988358    0.008334999904    0.390192985535
    6    0.689563989639   -1.151476979256   -0.176281005144
    6   -0.770173013210   -1.157129049301   -0.050239000469
    1   -1.272567987442   -2.101319074631    0.068149998784
    1   -2.461353063583    0.085051998496    0.497619003057
    1   -1.222165942192    2.135505914688   -0.281816005707
    1    1.207788944244    1.933017969131   -0.752865016460
    1    2.459842920303    0.010054999962    0.135609000921
    1    1.177477002144   -1.967571020126   -0.670758008957
    1    1.310225009918    0.025955999270    1.480268955231
    1   -0.455924004316   -1.036056995392   -1.208747029305
