    6   -1.415693044662    0.053392998874    0.266409009695
    6   -0.685717999935    1.229809999466   -0.062829002738
    6    0.656724989414    1.169008970261   -0.243865996599
    6    1.406226992607    0.009093999863    0.381116002798
    6    0.677016019821   -1.156136035919   -0.194728001952
    6   -0.778810977936   -1.153107047081   -0.023781999946
    1   -1.288233041763   -2.097037076950    0.030954999849
    1   -2.462421894073    0.080844998360    0.488314986229
    1   -1.223819017410    2.130271911621   -0.298040002584
    1    1.206343054771    1.949290990829   -0.733730018139
    1    2.457043886185    0.008293000050    0.129267007113
    1    1.176781058311   -2.009880065918   -0.606648981571
    1    1.306807994843    0.017054000869    1.469867944717
    1   -0.194567993283   -0.987664997578   -1.219220995903
