    6   -1.416247963905    0.061360001564    0.267394989729
    6   -0.690019011497    1.227259993553   -0.061473000795
    6    0.658178985119    1.164163947105   -0.247262999415
    6    1.408540010452    0.008615000173    0.386801987886
    6    0.685366988182   -1.153198957443   -0.181898996234
    6   -0.772835016251   -1.155473947525   -0.041480999440
    1   -1.278854012489   -2.101330995560    0.053877998143
    1   -2.461509943008    0.083402998745    0.494742006063
    1   -1.222880959511    2.133892059326   -0.287690997124
    1    1.207432985306    1.938971042633   -0.745929002762
    1    2.458852052689    0.009356000461    0.133239999413
    1    1.177844047546   -1.983881950378   -0.650949001312
    1    1.308573961258    0.022431999445    1.477138042450
    1   -0.369150996208   -1.019569039345   -1.210818052292
