    6   -1.414142966270    0.033038999885    0.262062996626
    6   -0.675924003124    1.236163973808   -0.066556997597
    6    0.654859006405    1.181386947632   -0.232521995902
    6    1.400905013084    0.008237999864    0.368613004684
    6    0.656558990479   -1.158251047134   -0.238003998995
    6   -0.797598004341   -1.150827050209    0.025475999340
    1   -1.319957017899   -2.088239908218    0.010417000391
    1   -2.465482950211    0.078860998154    0.467431008816
    1   -1.227198958397    2.121579885483   -0.323931008577
    1    1.203186035156    1.976405024529   -0.701043009758
    1    2.452768087387    0.006930999923    0.118014000356
    1    1.171954035759   -2.080208063126   -0.450231999159
    1    1.308814048767    0.009359000251    1.454149007797
    1    0.271638005972   -0.905979990959   -1.275341987610
