    6   -1.414137005806    0.028074000031    0.260544002056
    6   -0.673614025116    1.237705945969   -0.068162001669
    6    0.654977023602    1.186035037041   -0.227746993303
    6    1.399196028709    0.007342000026    0.364937007427
    6    0.652463018894   -1.158439993858   -0.251670002937
    6   -0.802389025688   -1.151360988617    0.038591001183
    1   -1.330575942993   -2.085531949997    0.016752999276
    1   -2.466204881668    0.079471997917    0.462716996670
    1   -1.228309035301    2.118937969208   -0.332174003124
    1    1.202729940414    1.986539959908   -0.687650978565
    1    2.451020956039    0.006343000103    0.112935997546
    1    1.164778947830   -2.097877025604   -0.391104996204
    1    1.310621023178    0.007156000007    1.450029015541
    1    0.388852000237   -0.891635000706   -1.301375985146
