    6   -1.414309978485    0.036577999592    0.262998014688
    6   -0.677572011948    1.235069036484   -0.065719000995
    6    0.654967010021    1.178783059120   -0.235109999776
    6    1.401911973953    0.008674999699    0.370889991522
    6    0.659708976746   -1.158154010773   -0.229406997561
    6   -0.794160008430   -1.150750041008    0.016540000215
    1   -1.313245058060   -2.090018033981    0.009545000270
    1   -2.464939117432    0.078720003366    0.471129000187
    1   -1.226503968239    2.123240947723   -0.318895995617
    1    1.203667998314    1.970703005791   -0.708261013031
    1    2.453675985336    0.007164000068    0.120644003153
    1    1.174684047699   -2.067740917206   -0.484935998917
    1    1.307903051376    0.010536000133    1.456869006157
    1    0.190372005105   -0.919268012047   -1.259999036789
