    6   -1.414427995682    0.038387998939    0.263444006443
    6   -0.678417980671    1.234508991241   -0.065347000957
    6    0.655066013336    1.177585959435   -0.236274003983
    6    1.402392983437    0.008844999596    0.372000008821
    6    0.661396980286   -1.158090949059   -0.225232005119
    6   -0.792405009270   -1.150794029236    0.012045999989
    1   -1.310052990913   -2.090876102448    0.009963000193
    1   -2.464653968811    0.078731000423    0.473060011864
    1   -1.226171016693    2.124046087265   -0.316484987736
    1    1.203940987587    1.968078017235   -0.711507976055
    1    2.454081058502    0.007259000093    0.121797002852
    1    1.175569057465   -2.061408996582   -0.501007974148
    1    1.307531952858    0.011102999561    1.458237051964
    1    0.148955002427   -0.926472008228   -1.253260016441
