ETHANOL                                                     0   9 0  0 0  0 10.0
0   1      0.0000000         6    0         0    0    0    0    1         1    0
    1    2    3
    1    4    1    5    1    6    2    7    2    8    3    9
   1.27819  -0.24461   0.00000 C  1(  1)
  -0.01083   0.57083   0.00000 C  1(  2)
  -1.12978  -0.32457   0.00000 O  6(  3)
   2.17404   0.41427   0.00000 H  5(  4)
   1.34833  -0.89848   0.89680 H  5(  5)
   1.34833  -0.89848  -0.89680 H  5(  6)
  -0.05313   1.22856   0.90370 H  5(  7)
  -0.05313   1.22856  -0.90370 H  5(  8)
  -1.92470   0.19229   0.00000 H 21(  9)