#le 19/11/96. 6+. Source: Audimétrie CIM	
#Attention il faut avoir des Tab comme separateur meme pour les titres
Time	RTBF1	RTL-TVI	CLUB-RTL	21	TF1	France2	France3	TOTAL-TV
18:45	4.97	5.84	1.85	1.5	3.81	1.47	4.2	33.03
18:46	4.97	5.8	1.92	1.3	4.23	1.79	3.39	33.18
18:47	4.8	6.39	2.12	1.36	4.41	1.8	3.27	33.14
18:48	5.29	5.06	2.21	1.53	5.06	2.21	2.87	33.01
18:49	4.64	5.33	2.21	2.25	5.09	2.33	2.43	33.14
18:50	4.6	6.58	2.33	1.72	4.77	2.4	2.28	33.12
18:51	5.87	6.69	2.57	1.33	4.87	2.28	1.65	33.31
18:52	5.95	7.18	2.2	1.43	4.84	2.35	1.69	33.43
18:53	5.93	7.62	2.21	1.27	4.95	2.57	1.39	33.75
18:54	5.97	7.86	2.21	1.25	4.99	2.73	1.32	34.04
18:55	6.13	8.25	2.25	1.4	4.82	2.8	1.32	34.5
18:56	6.21	8.73	2.24	1.32	4.9	2.73	1.32	34.68
18:57	6.14	9.41	2.24	1.17	4.79	2.53	1.22	35.83
18:58	6.2	10.5	2.28	1.17	3.11	2.9	1.52	36.22
18:59	5.39	12.02	2.53	0.93	2.63	2.73	1.62	36.81
19:00	4.74	15.18	2.39	0.48	2.28	2.65	1.44	37.39
19:01	4.01	17.39	2.36	0.43	2.49	2.64	1.3	38.12
19:02	4.46	18.86	1.11	0.27	2.48	2.57	1.02	37.94
19:03	4.35	19.17	0.85	0.26	2.46	2.57	0.97	37.79
19:04	4.49	19.65	0.65	0.25	2.44	2.56	1.01	38.05
19:05	3.97	20.24	0.63	0.1	2.43	2.59	0.97	38.52
19:06	2.67	21.27	0.6	0.2	2.37	2.62	0.93	38.7
19:07	2.77	22.69	0.58	0	2.33	2.65	0.8	38.99
19:08	2.71	23.22	0.66	0	2.39	2.24	0.8	39.07
19:09	2.65	24.22	0.75	0	2.26	2.44	0.8	40.07
19:10	2.64	24.66	0.96	0	2.35	2.09	0.8	40.55
19:11	2.97	25.58	0.96	0.1	2.88	0.77	0.59	40.78
19:12	2.76	26.08	0.96	0	3.05	0.67	0.59	40.87
19:13	2.78	26.21	0.96	0.03	3.08	0.71	0.59	41.09
19:14	2.86	26.24	0.96	0.05	3.05	0.67	0.6	41.28
19:15	2.73	26.41	0.96	0.05	3.05	0.67	0.61	41.33
19:16	2.74	26.41	0.96	0.05	3.17	0.69	0.51	41.3
19:17	2.79	26.7	0.96	0.05	3.24	1.17	0.41	42.05
19:18	2.81	27.66	0.96	0.05	3.08	0.57	0.41	42.22
19:19	2.52	27.82	0.92	0.1	3.18	0.67	0.41	42.32
19:20	2.32	27.8	0.88	0.26	3.31	0.61	0.41	42.33
19:21	2.26	27.78	0.88	0.34	2.92	0.9	0.33	42.34
19:22	2.43	27.77	0.88	0.31	2.85	0.76	0.3	42.49
19:23	2.5	27.88	0.88	0.26	2.87	0.76	0.31	42.93
19:24	2.9	28.12	0.88	0.26	2.63	0.77	0.28	43.55
19:25	3.42	27.81	0.84	0.11	2.65	1.06	0.35	43.77
19:26	3.94	27.39	0.84	0.13	2.69	1.11	0.33	44.09
19:27	4.42	27.25	0.91	0.05	2.81	1.04	0.27	44.25
19:28	5.26	26.46	0.75	0.05	2.96	0.96	0.2	44.11
19:29	6.23	25.07	0.75	0.37	3.13	0.69	0.47	44.33
19:30	8.27	23.16	1.05	0.21	2.69	0.79	0.24	44.46
19:31	9.67	22.23	1.01	0.05	2.85	0.65	0.21	44.76
19:32	10.03	22.01	0.74	0.1	3.1	0.63	0.2	44.95
19:33	10.81	21.14	0.66	0.1	3.11	0.59	0.29	45.14
19:34	12.3	19.26	0.61	0.07	3.27	0.65	0.17	45.37
19:35	12.94	18.23	0.64	0.08	3.22	0.94	0.22	45.41
19:36	14.33	16.8	0.71	0.08	3	1.1	0.33	45.79
19:37	14.74	16.06	0.65	0.13	2.53	1.16	0.33	46
19:38	15.34	15.97	0.52	0.27	2.47	1.12	0.17	45.98
19:39	16.69	14.13	0.69	0.19	3.06	1.22	0.12	46.44
19:40	18.11	11.96	0.62	0.19	2.96	1.63	0.1	46.52
19:41	18.15	11.76	0.55	0.24	2.71	1.9	0.03	46.58
19:42	18.38	11.47	0.42	0.22	3.04	1.63	0.07	46.74
19:43	18.48	11.09	0.43	0.23	3.35	1.79	0.1	46.62
19:44	18.31	11.02	0.4	0.2	3.32	1.84	0.13	46.6
19:45	18.62	10.88	0.4	0.28	3.37	1.95	0.13	46.79
19:46	19.11	10.43	0.4	0.32	3.17	2.03	0.17	46.94
19:47	19.37	9.41	0.5	0.32	3.18	2.4	0.49	46.84
19:48	19.33	9.19	1.01	0.61	3.08	2.04	0.2	46.7
19:49	20.18	8.91	1.21	0.48	3.07	1.72	0.2	46.63
19:50	20.42	8.57	1.21	0.3	3.32	1.92	0.2	46.66
19:51	20.3	9.2	1.21	0.5	2.17	2.04	0.15	47.03
19:52	21.19	8.97	1.21	0.44	1.74	2.15	0.24	47.34
19:53	21.45	8.91	1.21	0.57	1.7	2.9	0.1	47.47
19:54	21.57	9.07	1.21	0.59	1.8	2.85	0.19	47.48
19:55	21.95	9.21	1.21	0.69	1.81	1.63	0.47	47.77
19:56	23.16	9.85	1.23	0.67	1.65	0.46	0.43	47.99
19:57	22.14	10.13	1.24	0.68	1.79	0.51	0.39	47.85
19:58	22.24	9.89	1.23	0.85	2.01	0.39	0.22	47.83
19:59	21.99	9.97	1.23	0.85	2.19	0.42	0.37	47.76
20:00	22.01	9.25	1.31	0.72	2.64	0.76	0.33	47.67
20:01	21.36	8.24	1.63	1.17	2.58	0.62	0.61	48.15
20:02	21.24	8.64	1.47	1.27	2.78	0.78	0.6	48.28
20:03	20.46	8.39	1.45	1.49	2.14	1.03	0.73	47.49
20:04	20.06	8.42	1.45	1.07	1.88	1.25	0.69	47.24
20:05	18.53	8.75	1.37	0.98	2.47	1.33	0.98	47.23
20:06	18.74	8.32	1.45	0.75	2.35	1.42	1.3	47
20:07	17.23	8.11	1.37	1.32	2.29	1.6	1.86	46.81
20:08	16.3	7.71	1.56	1.57	2.81	1.64	2.73	46.84
20:09	15.68	7.71	1.77	1.56	2.62	1.98	3.21	46.89
20:10	15.57	7.62	1.66	1.64	2.65	1.81	3.24	46.96
20:11	15.58	7.31	1.69	1.8	2.64	1.73	2.96	46.89
20:12	15.37	6.93	1.65	1.78	2.91	1.59	3.36	46.87
20:13	12.75	7.79	1.48	1.68	3.8	1.59	3.91	46.62
20:14	9.42	9.06	1.27	1.6	4.54	1.49	4.9	46.44
20:15	8.75	9.13	1.45	1.36	3.81	1.94	5.02	46.25
20:16	7.45	10.45	1.46	0.69	4.43	1.65	5.35	46.19
20:17	7.56	9.52	1.84	0.68	4.27	1.7	5.63	45.91
20:18	6.68	10.4	1.13	0.75	4.7	1.62	5.71	45.9
20:19	6.35	10.59	1.11	0.77	4.61	1.58	5.68	45.98
20:20	5.82	11.3	1.15	0.7	3.77	1.78	6.27	46.18
20:21	5.8	11.09	1.04	0.86	3.25	1.92	6.18	45.59
20:22	5.79	11.25	0.98	0.82	3.2	1.87	6.17	45.23
20:23	5.53	11.41	0.96	0.72	3.39	2.01	6.65	45.54
20:24	5.38	11.19	0.96	0.71	3.54	1.9	7.25	45.58
20:25	5.77	11.73	0.96	0.68	3.87	1.99	6.45	45.75
20:26	6.63	11.75	1.05	0.91	4.06	1.97	4.61	45.67
20:27	7.46	12.01	1.29	0.81	4.11	2.11	3.14	45.59
20:28	7.74	12	1.07	0.8	4.06	2.33	3.15	45.7
20:29	7.64	12.29	0.95	0.74	3.6	2.69	3.25	45.82
20:30	7.51	12.58	0.98	0.72	3.78	2.62	2.92	45.45
20:31	7.16	12.75	0.93	0.74	3.24	2.53	3.29	45.49
20:32	7.06	12.77	0.87	0.7	3.21	2.74	3	45.43
20:33	7.13	12.7	0.88	0.97	3.3	2.9	2.67	45.73
20:34	7.3	12.5	0.87	0.94	3.31	2.62	2.67	45.47
20:35	7.23	12.46	0.9	0.98	2.92	2.32	2.57	45.47
20:36	7.25	12.54	0.88	0.87	2.9	2.55	2.52	45.5
20:37	7.28	12.82	1.07	0.97	2.89	1.94	2.48	45.63
20:38	7.53	12.73	1.13	0.66	2.7	1.59	2.72	45.74
20:39	7.62	12.76	1.1	0.65	2.78	1.71	2.76	45.73
20:40	7.61	12.61	1.18	0.84	2.88	1.51	2.82	45.73
20:41	7.36	12.75	1.2	0.69	3.25	1.49	2.36	45.49
20:42	7.03	12.28	1.24	0.68	3.27	1.47	2.75	45.5
20:43	7.14	11.7	1.4	0.68	3.13	1.64	2.84	45.3
20:44	7.13	12.07	1.35	0.75	2.99	1.77	2.8	45.41
20:45	7.44	11.98	1.43	0.64	3.06	2.04	2.59	45.38
20:46	7.63	11.62	1.43	0.66	2.96	2.55	2.68	45.06
20:47	7.05	11.81	1.46	0.53	2.86	2.73	2.64	44.9
20:48	7	12.6	1.28	0.69	3.39	2.24	2.47	45.11
20:49	6.99	13	1.18	1.38	3.4	2.22	2.29	45.64
20:50	6.44	13.32	1.15	1.28	3.43	2.13	2.61	45.95
20:51	6.3	13.34	1.23	0.61	3.49	2.1	2.73	45.88
20:52	6.15	13.44	1.21	0.54	2.76	2.04	3.03	45.71
20:53	6.13	14.04	1.09	0.51	2.73	2.35	3.39	46.17
20:54	5.99	14.64	1.11	0.51	3.36	2.85	3.66	46.3
20:55	5.91	14.22	1.08	0.44	3.7	2.99	4.26	46.37
20:56	5.88	14.05	1.09	0.62	3.06	3.27	5.28	46.33
20:57	5.86	12.63	1.35	0.43	3.74	3.32	5.21	46.38
20:58	5.52	11.95	1.16	0.61	4.44	3.66	5.19	46.36
20:59	4.99	12.24	1.1	0.41	4.49	4.07	5.47	46.41
21:00	4.89	11.4	1.16	0.57	4.15	4.39	5.93	46.36
21:01	4.91	10.96	1.18	0.53	4.8	4.26	5.71	46.29
21:02	4.98	11.99	1.18	0.51	4.73	4.01	5.47	46.42
21:03	5.39	11.78	1.09	0.6	4.69	3.94	5.34	46.76
21:04	5.48	11.56	1.05	0.68	4.72	3.59	5.54	46.38
21:05	5.37	11.67	0.99	0.43	4.99	3.27	6.33	46.38
21:06	5.32	11.77	1.02	0.43	4.77	3.26	6.3	46.42
21:07	5.36	12.06	1.07	0.36	4.82	3.19	5.97	46.4
21:08	5.31	12.07	1.11	0.36	4.88	3.9	5.64	46.37
21:09	5.45	12.22	1.11	0.37	4.64	3.5	5.71	46.29
21:10	5.51	12.25	1.11	0.51	4.69	3.24	5.73	46.38
21:11	5.04	12.21	1.11	0.41	4.52	2.92	5.67	46.23
21:12	5.2	12.18	1.19	0.37	4.37	2.42	5.8	46.22
21:13	4.84	12.03	1.21	0.41	4.31	2.32	5.93	46.15
21:14	5.2	9.17	1.29	0.34	4.35	3.22	6.47	45.54
21:15	5.72	7.97	1.44	0.16	4.56	3.12	6.64	45.27
21:16	5.71	7.83	1.34	0.18	4.67	3.14	6.44	45.29
21:17	5.66	7.76	1.72	0.31	4.35	3.2	5.74	45.26
21:18	5.77	7.66	1.74	0.8	4.81	3.33	5.66	45.38
21:19	5.65	8.08	1.54	0.91	4.93	3.1	5.75	45.42
21:20	5.33	8.83	1.48	0.99	5.3	2.84	5.85	45.42
21:21	5.1	8.51	0.87	0.96	5.53	3.03	6.26	45.33
21:22	4.62	8.82	0.63	0.99	5.57	3.38	6.45	45.54
21:23	4.9	8.86	0.6	1.03	5.04	3.79	6.41	46.03
21:24	4.85	9.24	0.55	0.94	5.18	3.68	6.63	45.92
21:25	4.82	9.31	0.45	1.08	5.36	3.67	6.46	45.85
21:26	4.89	9.15	0.4	1.14	5.25	3.56	6.82	45.58
21:27	4.82	9.57	0.45	0.86	5.07	3.23	6.98	45.55
21:28	4.45	9.81	0.45	0.9	5.21	3.05	6.46	45.35
21:29	4.12	9.42	0.61	1.19	5.15	3.21	6.94	44.08
21:30	3.79	9.24	0.42	1.36	5.48	3.19	7.35	43.57
21:31	3.1	9.23	0.42	1.36	5.71	3.04	7.65	43.26
21:32	2.72	9.12	0.42	0.95	5.67	3.57	8.19	43.03
21:33	2.6	8.74	0.42	0.79	5.56	3.5	8.67	42.91
21:34	2.57	8.66	0.45	0.78	5.34	3.27	9	42.29
21:35	3.11	8.5	0.43	0.73	5.24	3.19	9.16	42.48
21:36	3.13	8.44	0.36	0.57	5.48	3.14	9.34	42.75
21:37	3.02	8.45	0.33	0.59	5.17	3.39	9.86	42.57
21:38	2.96	8.28	0.32	0.58	5.15	3.23	10.01	42.44
21:39	3.17	8.2	0.33	0.49	5.13	3.08	10.13	42.39
21:40	3.25	7.97	0.33	0.87	4.99	2.98	10.33	42.34
21:41	3.13	7.85	0.33	0.67	5.06	3.05	9.93	41.84
21:42	3.25	7.68	0.42	0.8	5.36	3.14	9.42	41.61
21:43	3.43	7.7	0.32	0.93	5.39	3.02	9.21	41.47
21:44	3.27	8.05	0.35	0.78	4.95	3.02	9.6	41.53
21:45	3.33	7.82	0.32	0.73	4.91	3.36	9.57	41.54
21:46	3.19	7.77	0.32	0.75	5.17	3.33	9.71	41.56
21:47	3.19	7.52	0.32	1.03	5.14	3.4	9.59	41.42
21:48	3.2	7.52	0.36	1.16	4.97	3.37	9.52	41.3
21:49	3.35	7.74	0.34	1.29	3.99	3.48	9.76	41.29
21:50	3.44	7.8	0.32	1.17	2.88	4.39	10.69	41.31
21:51	3.38	7.61	0.33	0.82	3.1	4.66	11.21	41.1
21:52	3.19	7.78	0.32	0.99	2.89	4.76	10.94	41.13
21:53	3.18	7.26	0.32	1.45	3.05	3.86	11.1	40.92
21:54	3.48	7.21	0.32	1.41	2.84	3.66	11.15	40.48
21:55	3.37	7.22	0.38	0.98	2.71	3.43	11.36	40.55
21:56	3.44	7.41	0.34	0.91	2.61	3.59	11.09	40.38
21:57	3.64	6.97	0.34	1.18	2.67	3.6	10.81	39.33
21:58	3.73	6.98	0.48	1.22	2.84	3.97	10.32	39.06
21:59	3.66	6.92	0.53	1.22	3.08	3.9	10.13	38.86
22:00	3.89	6.84	0.66	1.34	2.76	3.98	9.55	38.33
22:01	3.68	7.21	0.66	1.14	3.68	3.96	9.6	38.86
22:02	4.3	6.68	0.68	0.98	3.51	3.8	9.79	38.62
22:03	4.1	6.54	0.73	0.88	3.73	3.81	9.86	38.12
22:04	3.23	6.57	1.01	0.6	4.21	3.85	9.92	37.41
22:05	3.13	6.01	1.09	0.57	4.72	3.66	10.29	37.35
22:06	3.33	5.74	1.06	0.52	4.73	3.68	9.77	37.25
22:07	3.6	5.71	1.04	0.58	5.18	3.88	9.12	37.07
22:08	3.39	5.99	1.13	0.58	5.15	3.84	9.13	36.92
22:09	3.4	6.62	1.17	0.57	5.27	3.56	8.32	36.79
22:10	3.25	6.69	1.08	0.48	5.41	3.84	8	36.52
22:11	3.25	6.58	1.24	0.81	5.68	3.69	7.79	36.42
22:12	3.25	6.58	1.37	1.11	5.71	3.38	7.35	36.19
22:13	3.06	6.35	1.34	1.42	5.56	3.28	7.08	35.9
22:14	2.98	6.57	1.26	1.49	5.67	3.22	6.93	35.71
22:15	3.09	6.69	1.4	1.56	5.6	3.24	7.07	35.72
22:16	2.87	6.25	1.6	1.79	5.5	3.51	7.6	35.67
22:17	3.01	6.27	1.65	1.73	4.96	3.5	8.02	35.65
22:18	3.05	6.23	1.55	1.64	5.34	3.24	7.92	35.44
22:19	3.08	6.11	1.33	1.56	5.24	3.33	7.9	35.11
22:20	3.06	5.93	1.27	1.61	5.16	3.38	7.95	35.05
22:21	2.88	5.55	1.23	1.77	5.4	3.24	8.21	35.07
22:22	2.77	5.41	1.27	1.88	5.27	3.43	8.29	34.87
22:23	2.74	5.32	1.25	1.8	5.11	3.42	8.39	34.54
22:24	2.91	5.28	1.17	1.82	4.8	3.46	7.89	34.41
22:25	2.94	5.37	1.11	1.73	4.96	3.79	7.2	34.29
22:26	2.86	5.45	1.26	1.67	5.47	3.81	6.65	33.76
22:27	2.84	5.33	1.07	1.75	5.56	3.53	6.74	33.69
22:28	2.38	5.2	0.98	2.07	5.57	3.82	6.88	33.62
22:29	1.89	5.2	0.98	2.09	5.79	3.86	7.21	33.6
22:30	1.38	5.31	1.02	1.86	6.06	4.02	7.45	33.58
