NURBS_PCH DATA: Created by Dave Hutchinson, a PhD student 
	        Computer graphics Unit, University of Manchester 
U: ORDER = 3, CPT NO = 50 
V: ORDER = 3, CPT NO = 39 
U KNOTS VECTOR ==>
   0 ==> 0.000000
   1 ==> 0.000000
   2 ==> 0.000000
   3 ==> 0.029412
   4 ==> 0.058824
   5 ==> 0.062500
   6 ==> 0.088235
   7 ==> 0.117647
   8 ==> 0.125000
   9 ==> 0.147059
   10 ==> 0.176471
   11 ==> 0.187500
   12 ==> 0.205882
   13 ==> 0.235294
   14 ==> 0.250000
   15 ==> 0.264706
   16 ==> 0.294118
   17 ==> 0.312500
   18 ==> 0.323529
   19 ==> 0.352941
   20 ==> 0.375000
   21 ==> 0.382353
   22 ==> 0.411765
   23 ==> 0.437500
   24 ==> 0.441176
   25 ==> 0.470588
   26 ==> 0.500000
   27 ==> 0.529412
   28 ==> 0.558824
   29 ==> 0.562500
   30 ==> 0.588235
   31 ==> 0.617647
   32 ==> 0.625000
   33 ==> 0.647059
   34 ==> 0.676471
   35 ==> 0.687500
   36 ==> 0.705882
   37 ==> 0.735294
   38 ==> 0.750000
   39 ==> 0.764706
   40 ==> 0.794118
   41 ==> 0.812500
   42 ==> 0.823529
   43 ==> 0.852941
   44 ==> 0.875000
   45 ==> 0.882353
   46 ==> 0.911765
   47 ==> 0.937500
   48 ==> 0.941176
   49 ==> 0.970588
   50 ==> 1.000000
   51 ==> 1.000000
   52 ==> 1.000000
V KNOTS VECTOR ==>
   0 ==> 0.000000
   1 ==> 0.000000
   2 ==> 0.000000
   3 ==> 0.027027
   4 ==> 0.054054
   5 ==> 0.081081
   6 ==> 0.108108
   7 ==> 0.135135
   8 ==> 0.162162
   9 ==> 0.189189
   10 ==> 0.216216
   11 ==> 0.243243
   12 ==> 0.270270
   13 ==> 0.297297
   14 ==> 0.324324
   15 ==> 0.351351
   16 ==> 0.378378
   17 ==> 0.405405
   18 ==> 0.432432
   19 ==> 0.459459
   20 ==> 0.486486
   21 ==> 0.513514
   22 ==> 0.540541
   23 ==> 0.567568
   24 ==> 0.594595
   25 ==> 0.621622
   26 ==> 0.648649
   27 ==> 0.675676
   28 ==> 0.702703
   29 ==> 0.729730
   30 ==> 0.756757
   31 ==> 0.783784
   32 ==> 0.810811
   33 ==> 0.837838
   34 ==> 0.864865
   35 ==> 0.891892
   36 ==> 0.918919
   37 ==> 0.945946
   38 ==> 0.972973
   39 ==> 1.000000
   40 ==> 1.000000
   41 ==> 1.000000
4D CONTROL POINTS ==>
-0.091986, 0.127796, 1.389903, 1.000000,
-0.060075, 0.131847, 1.387645, 1.000000,
-0.010988, 0.130581, 1.384315, 1.000000,
0.008333, 0.124597, 1.383109, 1.000000,
0.024587, 0.118694, 1.382110, 1.000000,
0.047776, 0.103598, 1.380812, 1.000000,
0.057685, 0.090466, 1.380384, 1.000000,
0.064502, 0.079347, 1.380129, 1.000000,
0.074745, 0.058762, 1.379819, 1.000000,
0.081029, 0.041407, 1.379719, 1.000000,
0.085117, 0.028463, 1.379686, 1.000000,
0.091710, 0.006102, 1.379659, 1.000000,
0.097723, -0.016499, 1.379677, 1.000000,
0.101707, -0.032220, 1.379703, 1.000000,
0.105750, -0.055031, 1.379860, 1.000000,
0.105940, -0.078076, 1.380284, 1.000000,
0.104446, -0.091615, 1.380643, 1.000000,
0.100736, -0.110183, 1.381248, 1.000000,
0.090388, -0.133649, 1.382401, 1.000000,
0.082064, -0.146987, 1.383222, 1.000000,
0.070729, -0.162790, 1.384297, 1.000000,
0.048147, -0.181275, 1.386190, 1.000000,
0.033501, -0.188700, 1.387332, 1.000000,
0.017153, -0.196687, 1.388601, 1.000000,
-0.010053, -0.205703, 1.390631, 1.000000,
-0.035402, -0.209535, 1.392435, 1.000000,
-0.062963, -0.209277, 1.394314, 1.000000,
-0.079708, -0.206831, 1.395412, 1.000000,
-0.094731, -0.204401, 1.396392, 1.000000,
-0.121378, -0.195268, 1.398040, 1.000000,
-0.137984, -0.185693, 1.398993, 1.000000,
-0.151037, -0.177336, 1.399726, 1.000000,
-0.170155, -0.160122, 1.400706, 1.000000,
-0.181275, -0.143884, 1.401158, 1.000000,
-0.188299, -0.131335, 1.401400, 1.000000,
-0.197939, -0.111564, 1.401683, 1.000000,
-0.204219, -0.094228, 1.401783, 1.000000,
-0.207533, -0.082976, 1.401796, 1.000000,
-0.212093, -0.065352, 1.401774, 1.000000,
-0.216144, -0.044641, 1.401658, 1.000000,
-0.218294, -0.031274, 1.401551, 1.000000,
-0.219648, -0.012679, 1.401291, 1.000000,
-0.215931, 0.011711, 1.400574, 1.000000,
-0.211476, 0.025959, 1.399999, 1.000000,
-0.204808, 0.043199, 1.399217, 1.000000,
-0.188213, 0.065636, 1.397657, 1.000000,
-0.176287, 0.076006, 1.396646, 1.000000,
-0.161752, 0.087954, 1.395426, 1.000000,
-0.120013, 0.113214, 1.392095, 1.000000,
-0.091193, 0.127854, 1.389848, 1.000000,
-0.091168, 0.128024, 1.401873, 1.000000,
-0.059257, 0.132074, 1.399615, 1.000000,
-0.007103, 0.132018, 1.396053, 1.000000,
0.015668, 0.127397, 1.394584, 1.000000,
0.035180, 0.122779, 1.393339, 1.000000,
0.058813, 0.106165, 1.392039, 1.000000,
0.064699, 0.089027, 1.391962, 1.000000,
0.067433, 0.074104, 1.392058, 1.000000,
0.075947, 0.051074, 1.391913, 1.000000,
0.086539, 0.036212, 1.391472, 1.000000,
0.095310, 0.026284, 1.391061, 1.000000,
0.104137, 0.008520, 1.390794, 1.000000,
0.104278, -0.010291, 1.391142, 1.000000,
0.101703, -0.023635, 1.391571, 1.000000,
0.100602, -0.044071, 1.392033, 1.000000,
0.105396, -0.067114, 1.392143, 1.000000,
0.110647, -0.081643, 1.392060, 1.000000,
0.113592, -0.101789, 1.392241, 1.000000,
0.102832, -0.128001, 1.393473, 1.000000,
0.090463, -0.143225, 1.394607, 1.000000,
0.074668, -0.161107, 1.396026, 1.000000,
0.048965, -0.181048, 1.398160, 1.000000,
0.034318, -0.188473, 1.399302, 1.000000,
0.017971, -0.196460, 1.400571, 1.000000,
-0.009235, -0.205476, 1.402601, 1.000000,
-0.034585, -0.209309, 1.404405, 1.000000,
-0.062145, -0.209050, 1.406284, 1.000000,
-0.078890, -0.206604, 1.407381, 1.000000,
-0.093913, -0.204174, 1.408362, 1.000000,
-0.120560, -0.195041, 1.410010, 1.000000,
-0.137166, -0.185466, 1.410963, 1.000000,
-0.150219, -0.177109, 1.411696, 1.000000,
-0.169337, -0.159895, 1.412676, 1.000000,
-0.180458, -0.143657, 1.413128, 1.000000,
-0.187481, -0.131108, 1.413369, 1.000000,
-0.197121, -0.111336, 1.413653, 1.000000,
-0.203401, -0.094001, 1.413753, 1.000000,
-0.206715, -0.082749, 1.413766, 1.000000,
-0.211275, -0.065125, 1.413744, 1.000000,
-0.215326, -0.044413, 1.413628, 1.000000,
-0.217476, -0.031047, 1.413521, 1.000000,
-0.218830, -0.012452, 1.413261, 1.000000,
-0.215113, 0.011938, 1.412544, 1.000000,
-0.210658, 0.026186, 1.411969, 1.000000,
-0.203990, 0.043426, 1.411187, 1.000000,
-0.187395, 0.065863, 1.409627, 1.000000,
-0.175469, 0.076233, 1.408615, 1.000000,
-0.160935, 0.088181, 1.407396, 1.000000,
-0.119195, 0.113441, 1.404064, 1.000000,
-0.090376, 0.128081, 1.401817, 1.000000,
-0.090350, 0.128251, 1.413843, 1.000000,
-0.058439, 0.132301, 1.411585, 1.000000,
-0.006285, 0.132245, 1.408023, 1.000000,
0.016486, 0.127624, 1.406554, 1.000000,
0.035998, 0.123006, 1.405309, 1.000000,
0.059631, 0.106392, 1.404009, 1.000000,
0.065516, 0.089254, 1.403932, 1.000000,
0.068251, 0.074331, 1.404028, 1.000000,
0.073363, 0.050004, 1.404140, 1.000000,
0.077722, 0.032763, 1.404170, 1.000000,
0.080985, 0.020734, 1.404175, 1.000000,
0.086129, 0.001563, 1.404187, 1.000000,
0.090642, -0.015580, 1.404204, 1.000000,
0.093574, -0.026823, 1.404217, 1.000000,
0.098789, -0.044848, 1.404202, 1.000000,
0.106213, -0.066887, 1.404113, 1.000000,
0.111465, -0.081416, 1.404030, 1.000000,
0.114410, -0.101562, 1.404211, 1.000000,
0.103649, -0.127774, 1.405443, 1.000000,
0.091282, -0.142998, 1.406577, 1.000000,
0.075486, -0.160880, 1.407996, 1.000000,
0.049783, -0.180821, 1.410130, 1.000000,
0.035136, -0.188246, 1.411272, 1.000000,
0.018789, -0.196233, 1.412540, 1.000000,
-0.008418, -0.205249, 1.414570, 1.000000,
-0.033767, -0.209082, 1.416375, 1.000000,
-0.061327, -0.208823, 1.418254, 1.000000,
-0.078072, -0.206377, 1.419351, 1.000000,
-0.093095, -0.203946, 1.420332, 1.000000,
-0.119742, -0.194814, 1.421979, 1.000000,
-0.136348, -0.185239, 1.422933, 1.000000,
-0.149401, -0.176882, 1.423666, 1.000000,
-0.168520, -0.159668, 1.424646, 1.000000,
-0.179640, -0.143430, 1.425097, 1.000000,
-0.186662, -0.130881, 1.425339, 1.000000,
-0.196303, -0.111109, 1.425623, 1.000000,
-0.202583, -0.093773, 1.425723, 1.000000,
-0.205897, -0.082522, 1.425736, 1.000000,
-0.210457, -0.064898, 1.425714, 1.000000,
-0.214508, -0.044186, 1.425597, 1.000000,
-0.216658, -0.030819, 1.425491, 1.000000,
-0.218012, -0.012225, 1.425231, 1.000000,
-0.214295, 0.012165, 1.424514, 1.000000,
-0.209840, 0.026413, 1.423939, 1.000000,
-0.203172, 0.043653, 1.423157, 1.000000,
-0.186577, 0.066090, 1.421597, 1.000000,
-0.174651, 0.076460, 1.420585, 1.000000,
-0.160117, 0.088408, 1.419366, 1.000000,
-0.118377, 0.113668, 1.416034, 1.000000,
-0.089558, 0.128308, 1.413787, 1.000000,
-0.089532, 0.128478, 1.425813, 1.000000,
-0.057621, 0.132529, 1.423555, 1.000000,
-0.008535, 0.131262, 1.420225, 1.000000,
0.010787, 0.125278, 1.419018, 1.000000,
0.027040, 0.119375, 1.418020, 1.000000,
0.050838, 0.102091, 1.416722, 1.000000,
0.061614, 0.085834, 1.416294, 1.000000,
0.069217, 0.071882, 1.416039, 1.000000,
0.082904, 0.050327, 1.415512, 1.000000,
0.094056, 0.036392, 1.415015, 1.000000,
0.102275, 0.027074, 1.414630, 1.000000,
0.110336, 0.011156, 1.414381, 1.000000,
0.109956, -0.004685, 1.414708, 1.000000,
0.107094, -0.015629, 1.415111, 1.000000,
0.103965, -0.034927, 1.415691, 1.000000,
0.103095, -0.062077, 1.416265, 1.000000,
0.103528, -0.081186, 1.416598, 1.000000,
0.102000, -0.106062, 1.417174, 1.000000,
0.092842, -0.132968, 1.418310, 1.000000,
0.084518, -0.146306, 1.419132, 1.000000,
0.073182, -0.162109, 1.420206, 1.000000,
0.050601, -0.180594, 1.422100, 1.000000,
0.035954, -0.188019, 1.423242, 1.000000,
0.019607, -0.196005, 1.424510, 1.000000,
-0.007600, -0.205022, 1.426540, 1.000000,
-0.032949, -0.208854, 1.428345, 1.000000,
-0.060508, -0.208596, 1.430224, 1.000000,
-0.077254, -0.206149, 1.431321, 1.000000,
-0.092277, -0.203719, 1.432302, 1.000000,
-0.118925, -0.194587, 1.433949, 1.000000,
-0.135530, -0.185012, 1.434902, 1.000000,
-0.148583, -0.176655, 1.435636, 1.000000,
-0.167702, -0.159441, 1.436616, 1.000000,
-0.178822, -0.143203, 1.437067, 1.000000,
-0.185844, -0.130654, 1.437309, 1.000000,
-0.195485, -0.110882, 1.437593, 1.000000,
-0.201765, -0.093546, 1.437693, 1.000000,
-0.205079, -0.082295, 1.437706, 1.000000,
-0.209639, -0.064670, 1.437683, 1.000000,
-0.213690, -0.043959, 1.437567, 1.000000,
-0.215841, -0.030593, 1.437461, 1.000000,
-0.217195, -0.011998, 1.437201, 1.000000,
-0.213478, 0.012392, 1.436484, 1.000000,
-0.209022, 0.026640, 1.435909, 1.000000,
-0.202354, 0.043880, 1.435127, 1.000000,
-0.185759, 0.066317, 1.433567, 1.000000,
-0.173833, 0.076687, 1.432555, 1.000000,
-0.159299, 0.088635, 1.431336, 1.000000,
-0.117559, 0.113895, 1.428004, 1.000000,
-0.088740, 0.128535, 1.425757, 1.000000,
-0.088714, 0.128705, 1.437783, 1.000000,
-0.056803, 0.132756, 1.435525, 1.000000,
-0.003532, 0.133189, 1.431877, 1.000000,
0.020497, 0.129119, 1.430312, 1.000000,
0.041196, 0.125021, 1.428975, 1.000000,
0.075203, 0.111792, 1.426903, 1.000000,
0.094210, 0.098746, 1.425851, 1.000000,
0.108685, 0.087464, 1.425077, 1.000000,
0.128660, 0.067106, 1.424098, 1.000000,
0.138747, 0.050467, 1.423724, 1.000000,
0.144552, 0.038191, 1.423560, 1.000000,
0.151384, 0.016935, 1.423497, 1.000000,
0.153847, -0.004615, 1.423737, 1.000000,
0.154208, -0.019624, 1.423997, 1.000000,
0.151923, -0.042021, 1.424578, 1.000000,
0.143323, -0.066028, 1.425621, 1.000000,
0.135675, -0.080705, 1.426422, 1.000000,
0.124013, -0.101016, 1.427604, 1.000000,
0.105285, -0.127320, 1.429383, 1.000000,
0.092918, -0.142544, 1.430517, 1.000000,
0.077123, -0.160426, 1.431935, 1.000000,
0.051419, -0.180367, 1.434070, 1.000000,
0.036772, -0.187791, 1.435212, 1.000000,
0.020424, -0.195779, 1.436480, 1.000000,
-0.006781, -0.204795, 1.438510, 1.000000,
-0.032131, -0.208627, 1.440315, 1.000000,
-0.059690, -0.208369, 1.442194, 1.000000,
-0.076436, -0.205922, 1.443291, 1.000000,
-0.091459, -0.203492, 1.444272, 1.000000,
-0.118107, -0.194360, 1.445919, 1.000000,
-0.134712, -0.184785, 1.446872, 1.000000,
-0.147765, -0.176428, 1.447606, 1.000000,
-0.166884, -0.159214, 1.448586, 1.000000,
-0.178004, -0.142976, 1.449037, 1.000000,
-0.185027, -0.130427, 1.449279, 1.000000,
-0.194667, -0.110655, 1.449563, 1.000000,
-0.200947, -0.093319, 1.449663, 1.000000,
-0.204261, -0.082068, 1.449676, 1.000000,
-0.208821, -0.064443, 1.449654, 1.000000,
-0.212872, -0.043732, 1.449537, 1.000000,
-0.215023, -0.030365, 1.449431, 1.000000,
-0.216377, -0.011771, 1.449171, 1.000000,
-0.212660, 0.012619, 1.448454, 1.000000,
-0.208204, 0.026867, 1.447879, 1.000000,
-0.201536, 0.044107, 1.447096, 1.000000,
-0.184942, 0.066544, 1.445537, 1.000000,
-0.173015, 0.076914, 1.444525, 1.000000,
-0.158481, 0.088862, 1.443306, 1.000000,
-0.116741, 0.114122, 1.439974, 1.000000,
-0.087921, 0.128762, 1.437727, 1.000000,
-0.087896, 0.128932, 1.449752, 1.000000,
-0.055985, 0.132983, 1.447495, 1.000000,
0.001323, 0.134358, 1.443553, 1.000000,
0.029894, 0.131346, 1.441658, 1.000000,
0.054883, 0.128249, 1.440009, 1.000000,
0.095673, 0.117724, 1.437422, 1.000000,
0.118245, 0.107111, 1.436081, 1.000000,
0.135379, 0.097904, 1.435085, 1.000000,
0.158870, 0.078502, 1.433847, 1.000000,
0.170524, 0.059814, 1.433406, 1.000000,
0.177146, 0.045284, 1.433229, 1.000000,
0.185052, 0.020296, 1.433163, 1.000000,
0.188130, -0.004803, 1.433428, 1.000000,
0.188777, -0.022212, 1.433714, 1.000000,
0.185403, -0.047824, 1.434431, 1.000000,
0.172334, -0.074476, 1.435829, 1.000000,
0.160672, -0.090457, 1.436929, 1.000000,
0.143486, -0.111547, 1.438504, 1.000000,
0.117707, -0.135390, 1.440717, 1.000000,
0.101303, -0.147728, 1.442072, 1.000000,
0.081056, -0.162427, 1.443735, 1.000000,
0.052237, -0.180140, 1.446040, 1.000000,
0.037590, -0.187564, 1.447182, 1.000000,
0.021242, -0.195552, 1.448450, 1.000000,
-0.005963, -0.204568, 1.450480, 1.000000,
-0.031313, -0.208400, 1.452285, 1.000000,
-0.058873, -0.208142, 1.454163, 1.000000,
-0.075618, -0.205695, 1.455261, 1.000000,
-0.090642, -0.203265, 1.456242, 1.000000,
-0.117289, -0.194133, 1.457889, 1.000000,
-0.133894, -0.184558, 1.458842, 1.000000,
-0.146947, -0.176201, 1.459576, 1.000000,
-0.166066, -0.158987, 1.460556, 1.000000,
-0.177186, -0.142748, 1.461007, 1.000000,
-0.184209, -0.130200, 1.461249, 1.000000,
-0.193850, -0.110428, 1.461533, 1.000000,
-0.200130, -0.093092, 1.461633, 1.000000,
-0.203443, -0.081841, 1.461646, 1.000000,
-0.208004, -0.064216, 1.461623, 1.000000,
-0.212055, -0.043505, 1.461507, 1.000000,
-0.214205, -0.030138, 1.461401, 1.000000,
-0.215559, -0.011544, 1.461141, 1.000000,
-0.211842, 0.012846, 1.460424, 1.000000,
-0.207386, 0.027094, 1.459849, 1.000000,
-0.200718, 0.044334, 1.459066, 1.000000,
-0.184124, 0.066771, 1.457507, 1.000000,
-0.172198, 0.077141, 1.456495, 1.000000,
-0.157663, 0.089090, 1.455275, 1.000000,
-0.115923, 0.114349, 1.451944, 1.000000,
-0.087103, 0.128989, 1.449697, 1.000000,
-0.087079, 0.129159, 1.461722, 1.000000,
-0.044705, 0.138023, 1.458659, 1.000000,
0.025389, 0.148019, 1.453680, 1.000000,
0.056573, 0.149293, 1.451525, 1.000000,
0.083376, 0.149943, 1.449681, 1.000000,
0.127934, 0.143009, 1.446768, 1.000000,
0.153296, 0.132176, 1.445240, 1.000000,
0.172717, 0.122267, 1.444101, 1.000000,
0.200364, 0.101093, 1.442614, 1.000000,
0.215443, 0.080440, 1.441975, 1.000000,
0.224598, 0.064323, 1.441655, 1.000000,
0.234313, 0.033929, 1.441568, 1.000000,
0.235655, -0.000337, 1.442126, 1.000000,
0.234009, -0.025252, 1.442711, 1.000000,
0.225381, -0.059458, 1.443950, 1.000000,
0.202692, -0.089657, 1.446073, 1.000000,
0.183599, -0.105603, 1.447680, 1.000000,
0.158001, -0.126004, 1.449816, 1.000000,
0.127653, -0.146794, 1.452284, 1.000000,
0.111268, -0.156455, 1.453587, 1.000000,
0.090723, -0.168067, 1.455211, 1.000000,
0.059535, -0.182693, 1.457620, 1.000000,
0.042729, -0.189190, 1.458892, 1.000000,
0.024094, -0.196196, 1.460298, 1.000000,
-0.005145, -0.204340, 1.462450, 1.000000,
-0.030495, -0.208173, 1.464255, 1.000000,
-0.058055, -0.207915, 1.466133, 1.000000,
-0.074800, -0.205468, 1.467231, 1.000000,
-0.089823, -0.203038, 1.468212, 1.000000,
-0.116471, -0.193906, 1.469859, 1.000000,
-0.133076, -0.184331, 1.470812, 1.000000,
-0.146129, -0.175974, 1.471546, 1.000000,
-0.165248, -0.158760, 1.472526, 1.000000,
-0.176368, -0.142521, 1.472977, 1.000000,
-0.183391, -0.129973, 1.473219, 1.000000,
-0.193031, -0.110201, 1.473503, 1.000000,
-0.199312, -0.092865, 1.473603, 1.000000,
-0.202625, -0.081614, 1.473616, 1.000000,
-0.207186, -0.063989, 1.473593, 1.000000,
-0.211237, -0.043278, 1.473477, 1.000000,
-0.213387, -0.029911, 1.473371, 1.000000,
-0.214741, -0.011317, 1.473110, 1.000000,
-0.211024, 0.013073, 1.472394, 1.000000,
-0.206568, 0.027321, 1.471819, 1.000000,
-0.199901, 0.044561, 1.471036, 1.000000,
-0.183306, 0.066998, 1.469477, 1.000000,
-0.171380, 0.077368, 1.468465, 1.000000,
-0.156844, 0.089317, 1.467245, 1.000000,
-0.115105, 0.114576, 1.463914, 1.000000,
-0.086285, 0.129216, 1.461667, 1.000000,
-0.086261, 0.129386, 1.473692, 1.000000,
-0.043887, 0.138250, 1.470629, 1.000000,
0.023944, 0.146720, 1.465833, 1.000000,
0.052582, 0.146278, 1.463885, 1.000000,
0.076981, 0.145306, 1.462236, 1.000000,
0.117651, 0.137861, 1.459598, 1.000000,
0.140894, 0.128613, 1.458185, 1.000000,
0.158714, 0.120359, 1.457124, 1.000000,
0.187021, 0.101037, 1.455557, 1.000000,
0.206247, 0.080748, 1.454628, 1.000000,
0.219408, 0.064600, 1.454035, 1.000000,
0.232079, 0.034170, 1.453746, 1.000000,
0.230906, -0.000105, 1.454477, 1.000000,
0.225833, -0.025017, 1.455296, 1.000000,
0.214484, -0.059222, 1.456720, 1.000000,
0.194088, -0.089423, 1.458687, 1.000000,
0.178420, -0.105371, 1.460060, 1.000000,
0.156703, -0.125775, 1.461931, 1.000000,
0.128471, -0.146567, 1.464254, 1.000000,
0.112086, -0.156228, 1.465557, 1.000000,
0.091541, -0.167840, 1.467181, 1.000000,
0.060353, -0.182466, 1.469590, 1.000000,
0.043547, -0.188963, 1.470862, 1.000000,
0.024912, -0.195969, 1.472268, 1.000000,
-0.004327, -0.204113, 1.474420, 1.000000,
-0.029677, -0.207946, 1.476225, 1.000000,
-0.057237, -0.207688, 1.478103, 1.000000,
-0.073983, -0.205241, 1.479201, 1.000000,
-0.089005, -0.202811, 1.480182, 1.000000,
-0.115653, -0.193678, 1.481829, 1.000000,
-0.132259, -0.184104, 1.482782, 1.000000,
-0.145311, -0.175747, 1.483516, 1.000000,
-0.164430, -0.158533, 1.484495, 1.000000,
-0.175550, -0.142295, 1.484947, 1.000000,
-0.182573, -0.129746, 1.485189, 1.000000,
-0.192213, -0.109974, 1.485473, 1.000000,
-0.198493, -0.092638, 1.485573, 1.000000,
-0.201807, -0.081387, 1.485586, 1.000000,
-0.206368, -0.063762, 1.485563, 1.000000,
-0.210419, -0.043051, 1.485447, 1.000000,
-0.212569, -0.029684, 1.485340, 1.000000,
-0.213923, -0.011090, 1.485080, 1.000000,
-0.210206, 0.013300, 1.484364, 1.000000,
-0.205751, 0.027548, 1.483789, 1.000000,
-0.199082, 0.044788, 1.483006, 1.000000,
-0.182487, 0.067225, 1.481447, 1.000000,
-0.170562, 0.077595, 1.480435, 1.000000,
-0.156027, 0.089543, 1.479215, 1.000000,
-0.114287, 0.114803, 1.475884, 1.000000,
-0.085467, 0.129443, 1.473637, 1.000000,
-0.085443, 0.129613, 1.485662, 1.000000,
-0.043069, 0.138477, 1.482599, 1.000000,
0.024761, 0.146947, 1.477803, 1.000000,
0.053400, 0.146505, 1.475855, 1.000000,
0.077799, 0.145533, 1.474206, 1.000000,
0.115839, 0.137505, 1.471759, 1.000000,
0.135325, 0.127425, 1.470619, 1.000000,
0.149739, 0.118416, 1.469805, 1.000000,
0.173316, 0.097998, 1.468581, 1.000000,
0.190116, 0.077080, 1.467830, 1.000000,
0.201863, 0.060540, 1.467341, 1.000000,
0.214372, 0.029974, 1.467066, 1.000000,
0.216201, -0.003687, 1.467579, 1.000000,
0.214181, -0.027943, 1.468178, 1.000000,
0.206958, -0.061221, 1.469302, 1.000000,
0.190047, -0.090545, 1.471014, 1.000000,
0.176146, -0.106003, 1.472257, 1.000000,
0.156430, -0.125851, 1.473981, 1.000000,
0.129290, -0.146340, 1.476224, 1.000000,
0.112904, -0.156001, 1.477527, 1.000000,
0.092359, -0.167613, 1.479151, 1.000000,
0.061171, -0.182238, 1.481560, 1.000000,
0.044364, -0.188736, 1.482832, 1.000000,
0.025730, -0.195742, 1.484238, 1.000000,
-0.003510, -0.203887, 1.486390, 1.000000,
-0.028860, -0.207719, 1.488195, 1.000000,
-0.056419, -0.207461, 1.490073, 1.000000,
-0.073165, -0.205014, 1.491171, 1.000000,
-0.088187, -0.202584, 1.492152, 1.000000,
-0.114834, -0.193451, 1.493799, 1.000000,
-0.131441, -0.183877, 1.494752, 1.000000,
-0.144494, -0.175520, 1.495486, 1.000000,
-0.163611, -0.158305, 1.496465, 1.000000,
-0.174732, -0.142067, 1.496917, 1.000000,
-0.181755, -0.129519, 1.497159, 1.000000,
-0.191395, -0.109747, 1.497443, 1.000000,
-0.197675, -0.092411, 1.497543, 1.000000,
-0.200989, -0.081159, 1.497556, 1.000000,
-0.205550, -0.063535, 1.497533, 1.000000,
-0.209601, -0.042824, 1.497417, 1.000000,
-0.211751, -0.029457, 1.497311, 1.000000,
-0.213105, -0.010863, 1.497050, 1.000000,
-0.209388, 0.013527, 1.496334, 1.000000,
-0.204933, 0.027775, 1.495759, 1.000000,
-0.198264, 0.045015, 1.494976, 1.000000,
-0.181669, 0.067452, 1.493417, 1.000000,
-0.169744, 0.077822, 1.492405, 1.000000,
-0.155209, 0.089771, 1.491185, 1.000000,
-0.113469, 0.115031, 1.487854, 1.000000,
-0.084650, 0.129670, 1.485607, 1.000000,
-0.084625, 0.129840, 1.497632, 1.000000,
-0.042251, 0.138704, 1.494569, 1.000000,
0.025580, 0.147174, 1.489773, 1.000000,
0.054218, 0.146732, 1.487825, 1.000000,
0.078618, 0.145760, 1.486176, 1.000000,
0.114693, 0.137924, 1.483859, 1.000000,
0.131376, 0.128117, 1.482906, 1.000000,
0.143247, 0.119356, 1.482260, 1.000000,
0.161963, 0.098314, 1.481381, 1.000000,
0.174510, 0.075801, 1.480950, 1.000000,
0.183048, 0.057797, 1.480709, 1.000000,
0.193687, 0.026237, 1.480580, 1.000000,
0.198730, -0.006296, 1.480853, 1.000000,
0.200498, -0.029118, 1.481165, 1.000000,
0.198646, -0.061545, 1.481907, 1.000000,
0.186880, -0.092759, 1.483303, 1.000000,
0.175887, -0.110463, 1.484390, 1.000000,
0.159233, -0.132361, 1.485943, 1.000000,
0.132820, -0.151941, 1.488119, 1.000000,
0.115490, -0.159575, 1.489448, 1.000000,
0.093906, -0.168951, 1.491101, 1.000000,
0.061989, -0.182011, 1.493530, 1.000000,
0.045182, -0.188509, 1.494801, 1.000000,
0.026548, -0.195515, 1.496208, 1.000000,
-0.002692, -0.203659, 1.498360, 1.000000,
-0.028042, -0.207492, 1.500165, 1.000000,
-0.056117, -0.209891, 1.502129, 1.000000,
-0.073443, -0.210433, 1.503323, 1.000000,
-0.089015, -0.210827, 1.504394, 1.000000,
-0.117494, -0.205148, 1.506233, 1.000000,
-0.135934, -0.196476, 1.507328, 1.000000,
-0.150577, -0.188560, 1.508179, 1.000000,
-0.171200, -0.171645, 1.509267, 1.000000,
-0.182161, -0.155147, 1.509703, 1.000000,
-0.188703, -0.142274, 1.509906, 1.000000,
-0.198172, -0.121415, 1.510157, 1.000000,
-0.205196, -0.102249, 1.510274, 1.000000,
-0.209306, -0.089501, 1.510313, 1.000000,
-0.214911, -0.069928, 1.510324, 1.000000,
-0.219770, -0.047746, 1.510236, 1.000000,
-0.222293, -0.033720, 1.510142, 1.000000,
-0.223779, -0.013603, 1.509862, 1.000000,
-0.218927, 0.014815, 1.508991, 1.000000,
-0.213265, 0.032259, 1.508273, 1.000000,
-0.205028, 0.052669, 1.507323, 1.000000,
-0.185715, 0.074914, 1.505582, 1.000000,
-0.172168, 0.082872, 1.504505, 1.000000,
-0.155917, 0.092267, 1.503216, 1.000000,
-0.112651, 0.115258, 1.499824, 1.000000,
-0.083832, 0.129897, 1.497577, 1.000000,
-0.082011, 0.126512, 1.509547, 1.000000,
-0.040030, 0.136792, 1.506483, 1.000000,
0.027356, 0.146217, 1.501700, 1.000000,
0.055938, 0.145253, 1.499765, 1.000000,
0.080308, 0.143701, 1.498130, 1.000000,
0.118324, 0.133416, 1.495727, 1.000000,
0.137817, 0.120940, 1.494632, 1.000000,
0.152242, 0.109835, 1.493857, 1.000000,
0.172442, 0.087397, 1.492902, 1.000000,
0.183030, 0.066624, 1.492573, 1.000000,
0.189289, 0.050658, 1.492448, 1.000000,
0.197233, 0.023693, 1.492416, 1.000000,
0.201277, -0.002703, 1.492641, 1.000000,
0.202876, -0.020802, 1.492875, 1.000000,
0.200724, -0.049121, 1.493559, 1.000000,
0.188531, -0.082333, 1.495022, 1.000000,
0.177234, -0.103745, 1.496200, 1.000000,
0.160238, -0.129844, 1.497857, 1.000000,
0.133638, -0.151714, 1.500089, 1.000000,
0.116308, -0.159348, 1.501418, 1.000000,
0.094747, -0.168605, 1.503067, 1.000000,
0.063003, -0.180776, 1.505467, 1.000000,
0.046352, -0.186467, 1.506713, 1.000000,
0.027877, -0.192596, 1.508091, 1.000000,
-0.001319, -0.199605, 1.510219, 1.000000,
-0.026865, -0.202730, 1.512024, 1.000000,
-0.054351, -0.207254, 1.513988, 1.000000,
-0.070903, -0.210586, 1.515183, 1.000000,
-0.085736, -0.213636, 1.516254, 1.000000,
-0.113712, -0.210827, 1.518112, 1.000000,
-0.132489, -0.202458, 1.519236, 1.000000,
-0.147534, -0.194463, 1.520113, 1.000000,
-0.169765, -0.177543, 1.521311, 1.000000,
-0.182935, -0.161181, 1.521901, 1.000000,
-0.191343, -0.148444, 1.522233, 1.000000,
-0.202661, -0.127479, 1.522609, 1.000000,
-0.209644, -0.107729, 1.522712, 1.000000,
-0.213146, -0.094431, 1.522699, 1.000000,
-0.218167, -0.074056, 1.522655, 1.000000,
-0.223108, -0.051057, 1.522557, 1.000000,
-0.225956, -0.036548, 1.522476, 1.000000,
-0.227798, -0.015420, 1.522201, 1.000000,
-0.223103, 0.015467, 1.521294, 1.000000,
-0.217403, 0.034830, 1.520538, 1.000000,
-0.208955, 0.057151, 1.519537, 1.000000,
-0.188345, 0.079336, 1.517708, 1.000000,
-0.173648, 0.085895, 1.516579, 1.000000,
-0.156124, 0.093699, 1.515234, 1.000000,
-0.110883, 0.113602, 1.511765, 1.000000,
-0.081218, 0.126569, 1.509492, 1.000000,
-0.081193, 0.126739, 1.521517, 1.000000,
-0.039213, 0.137019, 1.518453, 1.000000,
0.028175, 0.146444, 1.513670, 1.000000,
0.056756, 0.145480, 1.511735, 1.000000,
0.081126, 0.143929, 1.510099, 1.000000,
0.119869, 0.134728, 1.507627, 1.000000,
0.140401, 0.123803, 1.506431, 1.000000,
0.155767, 0.114104, 1.505565, 1.000000,
0.177137, 0.092464, 1.504515, 1.000000,
0.188143, 0.070571, 1.504178, 1.000000,
0.194570, 0.053317, 1.504067, 1.000000,
0.202580, 0.024018, 1.504075, 1.000000,
0.206380, -0.004887, 1.504364, 1.000000,
0.207715, -0.024777, 1.504650, 1.000000,
0.204961, -0.054559, 1.505403, 1.000000,
0.191672, -0.086707, 1.506921, 1.000000,
0.179531, -0.106445, 1.508125, 1.000000,
0.161577, -0.130650, 1.509811, 1.000000,
0.134456, -0.151487, 1.512059, 1.000000,
0.117126, -0.159121, 1.513388, 1.000000,
0.095565, -0.168378, 1.515037, 1.000000,
0.063821, -0.180549, 1.517437, 1.000000,
0.047170, -0.186239, 1.518683, 1.000000,
0.028695, -0.192369, 1.520062, 1.000000,
-0.000501, -0.199378, 1.522189, 1.000000,
-0.026047, -0.202503, 1.523994, 1.000000,
-0.053533, -0.207027, 1.525958, 1.000000,
-0.070085, -0.210359, 1.527152, 1.000000,
-0.084919, -0.213409, 1.528224, 1.000000,
-0.112895, -0.210601, 1.530082, 1.000000,
-0.131671, -0.202231, 1.531207, 1.000000,
-0.146716, -0.194236, 1.532083, 1.000000,
-0.168947, -0.177316, 1.533281, 1.000000,
-0.182117, -0.160954, 1.533870, 1.000000,
-0.190525, -0.148217, 1.534203, 1.000000,
-0.201843, -0.127252, 1.534579, 1.000000,
-0.208826, -0.107502, 1.534682, 1.000000,
-0.212328, -0.094204, 1.534669, 1.000000,
-0.217349, -0.073829, 1.534625, 1.000000,
-0.222290, -0.050830, 1.534526, 1.000000,
-0.225138, -0.036321, 1.534446, 1.000000,
-0.226980, -0.015193, 1.534171, 1.000000,
-0.222285, 0.015694, 1.533264, 1.000000,
-0.216585, 0.035057, 1.532507, 1.000000,
-0.208137, 0.057378, 1.531507, 1.000000,
-0.187526, 0.079563, 1.529678, 1.000000,
-0.172830, 0.086122, 1.528549, 1.000000,
-0.155306, 0.093926, 1.527203, 1.000000,
-0.110065, 0.113829, 1.523735, 1.000000,
-0.080400, 0.126796, 1.521462, 1.000000,
-0.080375, 0.126966, 1.533487, 1.000000,
-0.038395, 0.137246, 1.530423, 1.000000,
0.028991, 0.146671, 1.525640, 1.000000,
0.057574, 0.145707, 1.523705, 1.000000,
0.081943, 0.144155, 1.522069, 1.000000,
0.118110, 0.133651, 1.519797, 1.000000,
0.134962, 0.120862, 1.518888, 1.000000,
0.146992, 0.109474, 1.518283, 1.000000,
0.164728, 0.086667, 1.517503, 1.000000,
0.175190, 0.065735, 1.517185, 1.000000,
0.181852, 0.049690, 1.517035, 1.000000,
0.190976, 0.022014, 1.516936, 1.000000,
0.196886, -0.005901, 1.517062, 1.000000,
0.199987, -0.025301, 1.517218, 1.000000,
0.199732, -0.054523, 1.517790, 1.000000,
0.188819, -0.086450, 1.519141, 1.000000,
0.178013, -0.106199, 1.520254, 1.000000,
0.161570, -0.130416, 1.521837, 1.000000,
0.135274, -0.151260, 1.524029, 1.000000,
0.117944, -0.158894, 1.525358, 1.000000,
0.096382, -0.168151, 1.527007, 1.000000,
0.064639, -0.180322, 1.529407, 1.000000,
0.047988, -0.186012, 1.530653, 1.000000,
0.029514, -0.192142, 1.532031, 1.000000,
0.000317, -0.199151, 1.534159, 1.000000,
-0.025229, -0.202275, 1.535964, 1.000000,
-0.052715, -0.206800, 1.537928, 1.000000,
-0.069267, -0.210132, 1.539122, 1.000000,
-0.084101, -0.213182, 1.540194, 1.000000,
-0.112077, -0.210374, 1.542052, 1.000000,
-0.130853, -0.202004, 1.543176, 1.000000,
-0.145898, -0.194009, 1.544053, 1.000000,
-0.168128, -0.177089, 1.545251, 1.000000,
-0.181299, -0.160727, 1.545840, 1.000000,
-0.189707, -0.147990, 1.546173, 1.000000,
-0.201025, -0.127024, 1.546549, 1.000000,
-0.208009, -0.107275, 1.546652, 1.000000,
-0.211510, -0.093977, 1.546639, 1.000000,
-0.216532, -0.073602, 1.546595, 1.000000,
-0.221472, -0.050603, 1.546496, 1.000000,
-0.224320, -0.036094, 1.546416, 1.000000,
-0.226162, -0.014966, 1.546141, 1.000000,
-0.221467, 0.015921, 1.545234, 1.000000,
-0.215767, 0.035284, 1.544477, 1.000000,
-0.207319, 0.057605, 1.543477, 1.000000,
-0.186709, 0.079790, 1.541648, 1.000000,
-0.172012, 0.086349, 1.540519, 1.000000,
-0.154488, 0.094153, 1.539173, 1.000000,
-0.109247, 0.114056, 1.535705, 1.000000,
-0.079582, 0.127023, 1.533432, 1.000000,
-0.079557, 0.127193, 1.545457, 1.000000,
-0.037577, 0.137473, 1.542393, 1.000000,
0.029589, 0.145759, 1.537647, 1.000000,
0.057922, 0.143515, 1.535753, 1.000000,
0.082056, 0.140753, 1.534156, 1.000000,
0.119357, 0.130774, 1.531797, 1.000000,
0.138165, 0.120463, 1.530707, 1.000000,
0.152001, 0.111484, 1.529932, 1.000000,
0.172448, 0.091120, 1.528921, 1.000000,
0.184571, 0.070247, 1.528489, 1.000000,
0.192313, 0.053739, 1.528273, 1.000000,
0.202104, 0.024643, 1.528156, 1.000000,
0.207022, -0.005567, 1.528393, 1.000000,
0.208928, -0.026825, 1.528666, 1.000000,
0.206966, -0.057464, 1.529381, 1.000000,
0.194398, -0.087953, 1.530818, 1.000000,
0.182648, -0.105675, 1.531957, 1.000000,
0.165015, -0.127816, 1.533582, 1.000000,
0.137558, -0.148432, 1.535850, 1.000000,
0.119718, -0.156970, 1.537231, 1.000000,
0.097594, -0.167226, 1.538937, 1.000000,
0.065457, -0.180095, 1.541377, 1.000000,
0.048806, -0.185785, 1.542623, 1.000000,
0.030343, -0.191961, 1.544001, 1.000000,
0.001356, -0.199722, 1.546129, 1.000000,
-0.023797, -0.204263, 1.547934, 1.000000,
-0.052682, -0.208906, 1.549996, 1.000000,
-0.071030, -0.211576, 1.551300, 1.000000,
-0.087572, -0.213955, 1.552476, 1.000000,
-0.117008, -0.210879, 1.554429, 1.000000,
-0.135429, -0.203084, 1.555540, 1.000000,
-0.149925, -0.195700, 1.556390, 1.000000,
-0.171264, -0.179162, 1.557535, 1.000000,
-0.183814, -0.162379, 1.558074, 1.000000,
-0.191790, -0.149141, 1.558368, 1.000000,
-0.202865, -0.127669, 1.558717, 1.000000,
-0.210304, -0.107912, 1.558851, 1.000000,
-0.214336, -0.094761, 1.558877, 1.000000,
-0.219813, -0.074379, 1.558864, 1.000000,
-0.224512, -0.050875, 1.558739, 1.000000,
-0.226929, -0.035865, 1.558620, 1.000000,
-0.228294, -0.014126, 1.558301, 1.000000,
-0.223388, 0.017272, 1.557370, 1.000000,
-0.217736, 0.036812, 1.556613, 1.000000,
-0.209272, 0.059376, 1.555607, 1.000000,
-0.188169, 0.082055, 1.553735, 1.000000,
-0.172993, 0.088939, 1.552567, 1.000000,
-0.154933, 0.096993, 1.551180, 1.000000,
-0.108822, 0.115701, 1.547674, 1.000000,
-0.078764, 0.127250, 1.545401, 1.000000,
-0.078740, 0.127420, 1.557427, 1.000000,
-0.024704, 0.139520, 1.553505, 1.000000,
0.053139, 0.146282, 1.548058, 1.000000,
0.079922, 0.140274, 1.546341, 1.000000,
0.101839, 0.133845, 1.544966, 1.000000,
0.135688, 0.117625, 1.542960, 1.000000,
0.152732, 0.103642, 1.542061, 1.000000,
0.165263, 0.091820, 1.541429, 1.000000,
0.181861, 0.071703, 1.540677, 1.000000,
0.189318, 0.056494, 1.540456, 1.000000,
0.193218, 0.045597, 1.540396, 1.000000,
0.198846, 0.026651, 1.540371, 1.000000,
0.202989, 0.007335, 1.540454, 1.000000,
0.205401, -0.006151, 1.540545, 1.000000,
0.205490, -0.028814, 1.540969, 1.000000,
0.197941, -0.058640, 1.542050, 1.000000,
0.190354, -0.079022, 1.542955, 1.000000,
0.177632, -0.105045, 1.544318, 1.000000,
0.153659, -0.131370, 1.546456, 1.000000,
0.136627, -0.143502, 1.547850, 1.000000,
0.114784, -0.157943, 1.549616, 1.000000,
0.078701, -0.175273, 1.552411, 1.000000,
0.057908, -0.182496, 1.553968, 1.000000,
0.035060, -0.190293, 1.555678, 1.000000,
0.002174, -0.199495, 1.558099, 1.000000,
-0.022979, -0.204036, 1.559904, 1.000000,
-0.051864, -0.208679, 1.561966, 1.000000,
-0.070212, -0.211349, 1.563270, 1.000000,
-0.086754, -0.213728, 1.564446, 1.000000,
-0.116191, -0.210652, 1.566399, 1.000000,
-0.134611, -0.202857, 1.567510, 1.000000,
-0.149107, -0.195473, 1.568360, 1.000000,
-0.170447, -0.178935, 1.569505, 1.000000,
-0.182996, -0.162152, 1.570044, 1.000000,
-0.190972, -0.148914, 1.570338, 1.000000,
-0.202047, -0.127442, 1.570687, 1.000000,
-0.209487, -0.107685, 1.570821, 1.000000,
-0.213518, -0.094534, 1.570847, 1.000000,
-0.218996, -0.074152, 1.570834, 1.000000,
-0.223694, -0.050648, 1.570709, 1.000000,
-0.226111, -0.035638, 1.570590, 1.000000,
-0.227475, -0.013898, 1.570271, 1.000000,
-0.222570, 0.017499, 1.569340, 1.000000,
-0.216918, 0.037039, 1.568583, 1.000000,
-0.208454, 0.059603, 1.567577, 1.000000,
-0.187351, 0.082282, 1.565704, 1.000000,
-0.172175, 0.089166, 1.564537, 1.000000,
-0.154115, 0.097220, 1.563150, 1.000000,
-0.108004, 0.115928, 1.559644, 1.000000,
-0.077946, 0.127477, 1.557371, 1.000000,
-0.077104, 0.127874, 1.581367, 1.000000,
-0.023068, 0.139975, 1.577445, 1.000000,
0.055384, 0.145828, 1.571973, 1.000000,
0.082854, 0.138799, 1.570229, 1.000000,
0.105420, 0.131405, 1.568828, 1.000000,
0.141002, 0.109397, 1.566814, 1.000000,
0.159596, 0.088520, 1.565939, 1.000000,
0.173445, 0.070578, 1.565333, 1.000000,
0.188545, 0.047531, 1.564739, 1.000000,
0.190838, 0.038172, 1.564760, 1.000000,
0.189896, 0.033752, 1.564908, 1.000000,
0.190374, 0.026999, 1.565003, 1.000000,
0.193782, 0.021400, 1.564877, 1.000000,
0.197042, 0.017880, 1.564721, 1.000000,
0.199842, 0.005715, 1.564760, 1.000000,
0.198342, -0.022377, 1.565395, 1.000000,
0.195675, -0.045399, 1.566014, 1.000000,
0.187821, -0.076042, 1.567132, 1.000000,
0.163612, -0.111605, 1.569461, 1.000000,
0.143686, -0.130453, 1.571180, 1.000000,
0.118653, -0.152302, 1.573305, 1.000000,
0.080336, -0.174820, 1.576351, 1.000000,
0.059544, -0.182042, 1.577908, 1.000000,
0.036698, -0.189889, 1.579618, 1.000000,
0.003832, -0.199893, 1.582054, 1.000000,
-0.021280, -0.205949, 1.583885, 1.000000,
-0.049370, -0.209024, 1.585862, 1.000000,
-0.066844, -0.209079, 1.587057, 1.000000,
-0.082563, -0.208940, 1.588129, 1.000000,
-0.112016, -0.204521, 1.590058, 1.000000,
-0.131634, -0.198406, 1.591282, 1.000000,
-0.147327, -0.192880, 1.592250, 1.000000,
-0.170058, -0.179163, 1.593543, 1.000000,
-0.182963, -0.164146, 1.594140, 1.000000,
-0.190998, -0.152069, 1.594459, 1.000000,
-0.202393, -0.132000, 1.594857, 1.000000,
-0.210462, -0.112821, 1.595045, 1.000000,
-0.215024, -0.099817, 1.595110, 1.000000,
-0.221106, -0.079131, 1.595133, 1.000000,
-0.226047, -0.054163, 1.594997, 1.000000,
-0.228455, -0.037814, 1.594852, 1.000000,
-0.229583, -0.014544, 1.594487, 1.000000,
-0.223615, 0.017758, 1.593467, 1.000000,
-0.217032, 0.037365, 1.592645, 1.000000,
-0.207539, 0.060005, 1.591567, 1.000000,
-0.185715, 0.082736, 1.589644, 1.000000,
-0.170539, 0.089620, 1.588477, 1.000000,
-0.152480, 0.097674, 1.587090, 1.000000,
-0.106369, 0.116382, 1.583584, 1.000000,
-0.076310, 0.127932, 1.581311, 1.000000,
-0.076286, 0.128101, 1.593336, 1.000000,
-0.022250, 0.140202, 1.589415, 1.000000,
0.056202, 0.146055, 1.583943, 1.000000,
0.083672, 0.139026, 1.582199, 1.000000,
0.106238, 0.131632, 1.580798, 1.000000,
0.141820, 0.109624, 1.578784, 1.000000,
0.160413, 0.088747, 1.577909, 1.000000,
0.174263, 0.070805, 1.577303, 1.000000,
0.189363, 0.047758, 1.576709, 1.000000,
0.191656, 0.038399, 1.576729, 1.000000,
0.190714, 0.033979, 1.576878, 1.000000,
0.191191, 0.027226, 1.576973, 1.000000,
0.194600, 0.021627, 1.576847, 1.000000,
0.197860, 0.018107, 1.576690, 1.000000,
0.200660, 0.005942, 1.576730, 1.000000,
0.199160, -0.022150, 1.577365, 1.000000,
0.196493, -0.045172, 1.577984, 1.000000,
0.188639, -0.075815, 1.579102, 1.000000,
0.164430, -0.111378, 1.581431, 1.000000,
0.144504, -0.130225, 1.583150, 1.000000,
0.119471, -0.152075, 1.585275, 1.000000,
0.081154, -0.174592, 1.588321, 1.000000,
0.060362, -0.181814, 1.589878, 1.000000,
0.037515, -0.189662, 1.591588, 1.000000,
0.004650, -0.199666, 1.594024, 1.000000,
-0.020462, -0.205722, 1.595855, 1.000000,
-0.048552, -0.208797, 1.597832, 1.000000,
-0.066026, -0.208851, 1.599027, 1.000000,
-0.081745, -0.208713, 1.600099, 1.000000,
-0.111198, -0.204294, 1.602027, 1.000000,
-0.130816, -0.198179, 1.603252, 1.000000,
-0.146509, -0.192653, 1.604219, 1.000000,
-0.169241, -0.178936, 1.605513, 1.000000,
-0.182145, -0.163919, 1.606110, 1.000000,
-0.190180, -0.151842, 1.606429, 1.000000,
-0.201575, -0.131773, 1.606827, 1.000000,
-0.209644, -0.112594, 1.607015, 1.000000,
-0.214206, -0.099590, 1.607080, 1.000000,
-0.220288, -0.078904, 1.607103, 1.000000,
-0.225229, -0.053935, 1.606967, 1.000000,
-0.227637, -0.037587, 1.606821, 1.000000,
-0.228765, -0.014316, 1.606457, 1.000000,
-0.222797, 0.017985, 1.605437, 1.000000,
-0.216214, 0.037592, 1.604615, 1.000000,
-0.206721, 0.060232, 1.603537, 1.000000,
-0.184898, 0.082963, 1.601614, 1.000000,
-0.169721, 0.089848, 1.600447, 1.000000,
-0.151662, 0.097901, 1.599060, 1.000000,
-0.105551, 0.116609, 1.595554, 1.000000,
-0.075493, 0.128159, 1.593281, 1.000000,
-0.075468, 0.128329, 1.605306, 1.000000,
-0.021432, 0.140429, 1.601385, 1.000000,
0.057020, 0.146282, 1.595913, 1.000000,
0.084490, 0.139253, 1.594169, 1.000000,
0.107056, 0.131859, 1.592768, 1.000000,
0.142638, 0.109851, 1.590754, 1.000000,
0.161231, 0.088974, 1.589879, 1.000000,
0.175081, 0.071032, 1.589273, 1.000000,
0.190181, 0.047985, 1.588679, 1.000000,
0.192474, 0.038627, 1.588699, 1.000000,
0.191532, 0.034207, 1.588848, 1.000000,
0.192009, 0.027453, 1.588943, 1.000000,
0.195418, 0.021854, 1.588816, 1.000000,
0.198678, 0.018334, 1.588660, 1.000000,
0.201477, 0.006169, 1.588700, 1.000000,
0.199977, -0.021923, 1.589335, 1.000000,
0.197311, -0.044945, 1.589954, 1.000000,
0.189457, -0.075588, 1.591072, 1.000000,
0.165248, -0.111150, 1.593401, 1.000000,
0.145323, -0.129998, 1.595120, 1.000000,
0.120288, -0.151848, 1.597245, 1.000000,
0.081972, -0.174365, 1.600290, 1.000000,
0.061180, -0.181587, 1.601848, 1.000000,
0.038333, -0.189435, 1.603558, 1.000000,
0.005468, -0.199439, 1.605994, 1.000000,
-0.019644, -0.205495, 1.607824, 1.000000,
-0.047734, -0.208570, 1.609802, 1.000000,
-0.065208, -0.208624, 1.610997, 1.000000,
-0.080927, -0.208486, 1.612069, 1.000000,
-0.110380, -0.204067, 1.613997, 1.000000,
-0.129999, -0.197952, 1.615222, 1.000000,
-0.145691, -0.192426, 1.616189, 1.000000,
-0.168423, -0.178709, 1.617482, 1.000000,
-0.181328, -0.163692, 1.618079, 1.000000,
-0.189362, -0.151615, 1.618399, 1.000000,
-0.200758, -0.131546, 1.618797, 1.000000,
-0.208826, -0.112367, 1.618985, 1.000000,
-0.213388, -0.099362, 1.619050, 1.000000,
-0.219470, -0.078677, 1.619073, 1.000000,
-0.224411, -0.053708, 1.618937, 1.000000,
-0.226819, -0.037360, 1.618791, 1.000000,
-0.227948, -0.014090, 1.618427, 1.000000,
-0.221980, 0.018212, 1.617407, 1.000000,
-0.215396, 0.037820, 1.616585, 1.000000,
-0.205903, 0.060459, 1.615507, 1.000000,
-0.184080, 0.083190, 1.613584, 1.000000,
-0.168903, 0.090075, 1.612417, 1.000000,
-0.150844, 0.098128, 1.611030, 1.000000,
-0.104733, 0.116836, 1.607524, 1.000000,
-0.074675, 0.128386, 1.605251, 1.000000,
-0.075153, 0.133280, 1.617221, 1.000000,
-0.050546, 0.137594, 1.615458, 1.000000,
0.009155, 0.139543, 1.611342, 1.000000,
0.048636, 0.136883, 1.608694, 1.000000,
0.084383, 0.134102, 1.606304, 1.000000,
0.134702, 0.117531, 1.603180, 1.000000,
0.155514, 0.097833, 1.602132, 1.000000,
0.169619, 0.080342, 1.601500, 1.000000,
0.187348, 0.056573, 1.600739, 1.000000,
0.193996, 0.045058, 1.600504, 1.000000,
0.196844, 0.038638, 1.600431, 1.000000,
0.200685, 0.028223, 1.600366, 1.000000,
0.203067, 0.018636, 1.600385, 1.000000,
0.204268, 0.012255, 1.600424, 1.000000,
0.204310, -0.003706, 1.600724, 1.000000,
0.200542, -0.034834, 1.601572, 1.000000,
0.196757, -0.059312, 1.602295, 1.000000,
0.185337, -0.091638, 1.603688, 1.000000,
0.149711, -0.128269, 1.606818, 1.000000,
0.120311, -0.147267, 1.609187, 1.000000,
0.086381, -0.168824, 1.611914, 1.000000,
0.052389, -0.188015, 1.614601, 1.000000,
0.042148, -0.192117, 1.615379, 1.000000,
0.030536, -0.196568, 1.616256, 1.000000,
0.008600, -0.202147, 1.617861, 1.000000,
-0.014629, -0.205390, 1.619510, 1.000000,
-0.042886, -0.207300, 1.621477, 1.000000,
-0.061607, -0.207625, 1.622762, 1.000000,
-0.078563, -0.207830, 1.623925, 1.000000,
-0.109379, -0.203789, 1.625954, 1.000000,
-0.129181, -0.197725, 1.627192, 1.000000,
-0.144873, -0.192199, 1.628159, 1.000000,
-0.167720, -0.179339, 1.629476, 1.000000,
-0.180836, -0.165892, 1.630118, 1.000000,
-0.189055, -0.155201, 1.630476, 1.000000,
-0.200781, -0.136300, 1.630919, 1.000000,
-0.209197, -0.116595, 1.631120, 1.000000,
-0.214005, -0.102705, 1.631186, 1.000000,
-0.220563, -0.080788, 1.631218, 1.000000,
-0.226254, -0.054696, 1.631112, 1.000000,
-0.229211, -0.037738, 1.630992, 1.000000,
-0.230723, -0.013803, 1.630641, 1.000000,
-0.223984, 0.018752, 1.629563, 1.000000,
-0.216418, 0.038251, 1.628677, 1.000000,
-0.205938, 0.060912, 1.627531, 1.000000,
-0.184072, 0.084623, 1.625587, 1.000000,
-0.169543, 0.092472, 1.624445, 1.000000,
-0.152124, 0.101559, 1.623082, 1.000000,
-0.105876, 0.121383, 1.619546, 1.000000,
-0.075111, 0.133130, 1.617221, 1.000000,
-0.074335, 0.133507, 1.629191, 1.000000,
-0.006811, 0.143630, 1.624385, 1.000000,
0.085505, 0.137935, 1.618185, 1.000000,
0.113394, 0.120139, 1.616617, 1.000000,
0.135514, 0.102701, 1.615436, 1.000000,
0.168816, 0.083994, 1.613516, 1.000000,
0.184788, 0.082184, 1.612459, 1.000000,
0.196322, 0.082867, 1.611658, 1.000000,
0.216665, 0.077556, 1.610368, 1.000000,
0.232817, 0.066567, 1.609473, 1.000000,
0.244610, 0.056716, 1.608854, 1.000000,
0.255344, 0.039424, 1.608449, 1.000000,
0.252802, 0.021569, 1.608961, 1.000000,
0.246956, 0.009034, 1.609598, 1.000000,
0.236638, -0.007951, 1.610626, 1.000000,
0.222094, -0.022411, 1.611894, 1.000000,
0.211852, -0.029795, 1.612734, 1.000000,
0.196886, -0.044359, 1.614032, 1.000000,
0.174848, -0.077865, 1.616174, 1.000000,
0.160975, -0.103428, 1.617607, 1.000000,
0.142029, -0.133604, 1.619474, 1.000000,
0.104002, -0.168202, 1.622728, 1.000000,
0.079237, -0.181677, 1.624676, 1.000000,
0.052243, -0.195904, 1.626791, 1.000000,
0.016572, -0.207898, 1.629456, 1.000000,
-0.006777, -0.206596, 1.631026, 1.000000,
-0.036640, -0.206349, 1.633062, 1.000000,
-0.057101, -0.206802, 1.634469, 1.000000,
-0.075696, -0.207272, 1.635749, 1.000000,
-0.108321, -0.203523, 1.637907, 1.000000,
-0.128363, -0.197498, 1.639162, 1.000000,
-0.144055, -0.191972, 1.640129, 1.000000,
-0.166902, -0.179112, 1.641446, 1.000000,
-0.180018, -0.165665, 1.642088, 1.000000,
-0.188237, -0.154974, 1.642446, 1.000000,
-0.199964, -0.136074, 1.642889, 1.000000,
-0.208379, -0.116368, 1.643090, 1.000000,
-0.213187, -0.102478, 1.643155, 1.000000,
-0.219746, -0.080561, 1.643188, 1.000000,
-0.225436, -0.054469, 1.643082, 1.000000,
-0.228392, -0.037511, 1.642962, 1.000000,
-0.229905, -0.013576, 1.642611, 1.000000,
-0.223166, 0.018979, 1.641533, 1.000000,
-0.215600, 0.038478, 1.640646, 1.000000,
-0.205120, 0.061139, 1.639501, 1.000000,
-0.183255, 0.084850, 1.637557, 1.000000,
-0.168726, 0.092699, 1.636415, 1.000000,
-0.151306, 0.101786, 1.635052, 1.000000,
-0.105058, 0.121610, 1.631516, 1.000000,
-0.074293, 0.133357, 1.629191, 1.000000,
-0.066596, 0.143764, 1.640498, 1.000000,
-0.033333, 0.138727, 1.638320, 1.000000,
0.065604, 0.145924, 1.631424, 1.000000,
0.096562, 0.128796, 1.629633, 1.000000,
0.122973, 0.113305, 1.628122, 1.000000,
0.157942, 0.080749, 1.626350, 1.000000,
0.171786, 0.075674, 1.625501, 1.000000,
0.183288, 0.071895, 1.624786, 1.000000,
0.205662, 0.066755, 1.623355, 1.000000,
0.232365, 0.059898, 1.621661, 1.000000,
0.246350, 0.053402, 1.620828, 1.000000,
0.254357, 0.038760, 1.620559, 1.000000,
0.253840, 0.021833, 1.620915, 1.000000,
0.248235, 0.011723, 1.621490, 1.000000,
0.231940, -0.001679, 1.622858, 1.000000,
0.215282, -0.017897, 1.624304, 1.000000,
0.204665, -0.028740, 1.625235, 1.000000,
0.189763, -0.044360, 1.626549, 1.000000,
0.173810, -0.089370, 1.628493, 1.000000,
0.156089, -0.115775, 1.630205, 1.000000,
0.130352, -0.149068, 1.632595, 1.000000,
0.082074, -0.175089, 1.636388, 1.000000,
0.075800, -0.183915, 1.636984, 1.000000,
0.071871, -0.193033, 1.637425, 1.000000,
0.030957, -0.207634, 1.640498, 1.000000,
0.007138, -0.215057, 1.642266, 1.000000,
-0.015952, -0.212873, 1.643803, 1.000000,
-0.033872, -0.214199, 1.645052, 1.000000,
-0.050971, -0.215166, 1.646239, 1.000000,
-0.098403, -0.214196, 1.649462, 1.000000,
-0.119601, -0.208121, 1.650795, 1.000000,
-0.136595, -0.202258, 1.651845, 1.000000,
-0.166523, -0.186729, 1.653595, 1.000000,
-0.180788, -0.169395, 1.654241, 1.000000,
-0.189580, -0.157354, 1.654614, 1.000000,
-0.199583, -0.139314, 1.654955, 1.000000,
-0.208291, -0.118867, 1.655162, 1.000000,
-0.213671, -0.103860, 1.655245, 1.000000,
-0.221100, -0.079288, 1.655286, 1.000000,
-0.225280, -0.057127, 1.655152, 1.000000,
-0.228012, -0.038367, 1.654982, 1.000000,
-0.231898, -0.008341, 1.654678, 1.000000,
-0.224081, 0.025187, 1.653508, 1.000000,
-0.214824, 0.047195, 1.652458, 1.000000,
-0.201258, 0.075893, 1.650987, 1.000000,
-0.169757, 0.096800, 1.648438, 1.000000,
-0.147384, 0.103681, 1.646778, 1.000000,
-0.121319, 0.110734, 1.644864, 1.000000,
-0.099191, 0.130660, 1.642974, 1.000000,
-0.066837, 0.142886, 1.640531, 1.000000,
-0.058145, 0.148542, 1.651860, 1.000000,
-0.032724, 0.139708, 1.650290, 1.000000,
0.066422, 0.146151, 1.643394, 1.000000,
0.097451, 0.130411, 1.641572, 1.000000,
0.124127, 0.115601, 1.640030, 1.000000,
0.162266, 0.077086, 1.638155, 1.000000,
0.173425, 0.070758, 1.637512, 1.000000,
0.183541, 0.065783, 1.636915, 1.000000,
0.207486, 0.057531, 1.635436, 1.000000,
0.230543, 0.055794, 1.633893, 1.000000,
0.243357, 0.052064, 1.633088, 1.000000,
0.253464, 0.039323, 1.632639, 1.000000,
0.251977, 0.021519, 1.633079, 1.000000,
0.247333, 0.010865, 1.633598, 1.000000,
0.234886, -0.003293, 1.634717, 1.000000,
0.219650, -0.015165, 1.635983, 1.000000,
0.209257, -0.025539, 1.636890, 1.000000,
0.194126, -0.042338, 1.638243, 1.000000,
0.180293, -0.092434, 1.640139, 1.000000,
0.160637, -0.118060, 1.641968, 1.000000,
0.131170, -0.148841, 1.644565, 1.000000,
0.082892, -0.174862, 1.648358, 1.000000,
0.078772, -0.183799, 1.648809, 1.000000,
0.077612, -0.193060, 1.649063, 1.000000,
0.034531, -0.211506, 1.652357, 1.000000,
0.006872, -0.216753, 1.654347, 1.000000,
-0.015135, -0.212646, 1.655772, 1.000000,
-0.033054, -0.213972, 1.657022, 1.000000,
-0.050153, -0.214939, 1.658209, 1.000000,
-0.097584, -0.213969, 1.661431, 1.000000,
-0.118783, -0.207894, 1.662765, 1.000000,
-0.135777, -0.202031, 1.663815, 1.000000,
-0.165705, -0.186502, 1.665565, 1.000000,
-0.179970, -0.169168, 1.666211, 1.000000,
-0.188762, -0.157127, 1.666583, 1.000000,
-0.198765, -0.139086, 1.666925, 1.000000,
-0.207473, -0.118640, 1.667132, 1.000000,
-0.212853, -0.103633, 1.667215, 1.000000,
-0.220281, -0.079061, 1.667256, 1.000000,
-0.224462, -0.056900, 1.667122, 1.000000,
-0.227194, -0.038139, 1.666952, 1.000000,
-0.231080, -0.008114, 1.666648, 1.000000,
-0.223263, 0.025414, 1.665478, 1.000000,
-0.214006, 0.047422, 1.664428, 1.000000,
-0.200440, 0.076120, 1.662957, 1.000000,
-0.153140, 0.102934, 1.659216, 1.000000,
-0.137016, 0.111019, 1.657961, 1.000000,
-0.120338, 0.119115, 1.656668, 1.000000,
-0.100711, 0.133482, 1.655054, 1.000000,
-0.058054, 0.149379, 1.651838, 1.000000,
-0.058790, 0.154039, 1.663830, 1.000000,
-0.023437, 0.141475, 1.661652, 1.000000,
0.048506, 0.146853, 1.656634, 1.000000,
0.091243, 0.134820, 1.653942, 1.000000,
0.126518, 0.122904, 1.651758, 1.000000,
0.157031, 0.084550, 1.650401, 1.000000,
0.169680, 0.071035, 1.649793, 1.000000,
0.180397, 0.062072, 1.649231, 1.000000,
0.202297, 0.056091, 1.647848, 1.000000,
0.224093, 0.052888, 1.646419, 1.000000,
0.237357, 0.048625, 1.645594, 1.000000,
0.251906, 0.036459, 1.644830, 1.000000,
0.247539, 0.020287, 1.645435, 1.000000,
0.240975, 0.010722, 1.646065, 1.000000,
0.225648, -0.001804, 1.647350, 1.000000,
0.209702, -0.015849, 1.648706, 1.000000,
0.203761, -0.026964, 1.649323, 1.000000,
0.198783, -0.044288, 1.649992, 1.000000,
0.185024, -0.097202, 1.651936, 1.000000,
0.163908, -0.121205, 1.653834, 1.000000,
0.131988, -0.148614, 1.656535, 1.000000,
0.089342, -0.173072, 1.659913, 1.000000,
0.085360, -0.182325, 1.660361, 1.000000,
0.083895, -0.192127, 1.660647, 1.000000,
0.040566, -0.215507, 1.664051, 1.000000,
0.008820, -0.223509, 1.666372, 1.000000,
-0.012814, -0.212002, 1.667632, 1.000000,
-0.031906, -0.217302, 1.669037, 1.000000,
-0.049916, -0.221360, 1.670345, 1.000000,
-0.097347, -0.220389, 1.673567, 1.000000,
-0.119354, -0.215046, 1.674970, 1.000000,
-0.136671, -0.209476, 1.676047, 1.000000,
-0.165469, -0.192923, 1.677701, 1.000000,
-0.182458, -0.175788, 1.678537, 1.000000,
-0.192363, -0.163195, 1.678975, 1.000000,
-0.201825, -0.142369, 1.679226, 1.000000,
-0.210941, -0.122642, 1.679475, 1.000000,
-0.216747, -0.107553, 1.679585, 1.000000,
-0.225052, -0.082007, 1.679668, 1.000000,
-0.229573, -0.058623, 1.679534, 1.000000,
-0.231913, -0.039450, 1.679330, 1.000000,
-0.234768, -0.009138, 1.678950, 1.000000,
-0.225636, 0.024755, 1.677683, 1.000000,
-0.216224, 0.048023, 1.676598, 1.000000,
-0.202711, 0.078733, 1.675092, 1.000000,
-0.159010, 0.107588, 1.671559, 1.000000,
-0.141666, 0.116923, 1.670197, 1.000000,
-0.123112, 0.126452, 1.668748, 1.000000,
-0.099939, 0.142615, 1.666858, 1.000000,
-0.058490, 0.154122, 1.663808, 1.000000,
-0.057515, 0.158446, 1.675689, 1.000000,
-0.022619, 0.141702, 1.673622, 1.000000,
0.048488, 0.150092, 1.668604, 1.000000,
0.092328, 0.140644, 1.665788, 1.000000,
0.128117, 0.130695, 1.663531, 1.000000,
0.153506, 0.091680, 1.662537, 1.000000,
0.168947, 0.075393, 1.661791, 1.000000,
0.180317, 0.064076, 1.661228, 1.000000,
0.195064, 0.053272, 1.660425, 1.000000,
0.211325, 0.047976, 1.659415, 1.000000,
0.222879, 0.043136, 1.658717, 1.000000,
0.240918, 0.032597, 1.657684, 1.000000,
0.234955, 0.017807, 1.658372, 1.000000,
0.229569, 0.008366, 1.658919, 1.000000,
0.219375, -0.005167, 1.659873, 1.000000,
0.213329, -0.021733, 1.660600, 1.000000,
0.211967, -0.035328, 1.660951, 1.000000,
0.212041, -0.056824, 1.661354, 1.000000,
0.200396, -0.102056, 1.663008, 1.000000,
0.174010, -0.123468, 1.665217, 1.000000,
0.132806, -0.148386, 1.668505, 1.000000,
0.090160, -0.172845, 1.671883, 1.000000,
0.086581, -0.184824, 1.672355, 1.000000,
0.085635, -0.198131, 1.672672, 1.000000,
0.039759, -0.218163, 1.676187, 1.000000,
0.009638, -0.223282, 1.678342, 1.000000,
-0.011703, -0.215747, 1.679657, 1.000000,
-0.030302, -0.219543, 1.681000, 1.000000,
-0.047784, -0.222592, 1.682252, 1.000000,
-0.093023, -0.224053, 1.685371, 1.000000,
-0.117298, -0.217819, 1.686912, 1.000000,
-0.135737, -0.211851, 1.688059, 1.000000,
-0.162854, -0.196252, 1.689616, 1.000000,
-0.179929, -0.180813, 1.690489, 1.000000,
-0.190633, -0.168440, 1.690986, 1.000000,
-0.203383, -0.145234, 1.691417, 1.000000,
-0.213469, -0.126385, 1.691749, 1.000000,
-0.219141, -0.111054, 1.691845, 1.000000,
-0.226069, -0.083911, 1.691804, 1.000000,
-0.232759, -0.059812, 1.691804, 1.000000,
-0.235066, -0.040578, 1.691597, 1.000000,
-0.236745, -0.010498, 1.691141, 1.000000,
-0.230133, 0.024824, 1.690019, 1.000000,
-0.220157, 0.048248, 1.688893, 1.000000,
-0.205105, 0.078880, 1.687283, 1.000000,
-0.164221, 0.106952, 1.683957, 1.000000,
-0.146536, 0.118155, 1.682536, 1.000000,
-0.127302, 0.130154, 1.680995, 1.000000,
-0.103169, 0.145772, 1.679049, 1.000000,
-0.057424, 0.159283, 1.675667, 1.000000,
-0.056527, 0.152234, 1.687770, 1.000000,
-0.019510, 0.148241, 1.685316, 1.000000,
0.049306, 0.150319, 1.680574, 1.000000,
0.100091, 0.143712, 1.677230, 1.000000,
0.141029, 0.136155, 1.674576, 1.000000,
0.162623, 0.099887, 1.673788, 1.000000,
0.172925, 0.085721, 1.673353, 1.000000,
0.180321, 0.074517, 1.673060, 1.000000,
0.188830, 0.055595, 1.672838, 1.000000,
0.199097, 0.045849, 1.672321, 1.000000,
0.208592, 0.039323, 1.671796, 1.000000,
0.229513, 0.030242, 1.670539, 1.000000,
0.219857, 0.015642, 1.671475, 1.000000,
0.215484, 0.005469, 1.671967, 1.000000,
0.212019, -0.010453, 1.672506, 1.000000,
0.216482, -0.029372, 1.672560, 1.000000,
0.217911, -0.043914, 1.672738, 1.000000,
0.218788, -0.066302, 1.673103, 1.000000,
0.211336, -0.101146, 1.674273, 1.000000,
0.183689, -0.123112, 1.676579, 1.000000,
0.139383, -0.151426, 1.680143, 1.000000,
0.096816, -0.178902, 1.683573, 1.000000,
0.087929, -0.187237, 1.684338, 1.000000,
0.080152, -0.195599, 1.685029, 1.000000,
0.034817, -0.214671, 1.688488, 1.000000,
0.009659, -0.214357, 1.690201, 1.000000,
-0.015932, -0.217733, 1.692014, 1.000000,
-0.032489, -0.222329, 1.693232, 1.000000,
-0.048482, -0.225826, 1.694392, 1.000000,
-0.095209, -0.224660, 1.697562, 1.000000,
-0.117606, -0.217905, 1.698965, 1.000000,
-0.134919, -0.211624, 1.700028, 1.000000,
-0.162036, -0.196025, 1.701586, 1.000000,
-0.179111, -0.180586, 1.702459, 1.000000,
-0.189815, -0.168213, 1.702956, 1.000000,
-0.202565, -0.145007, 1.703387, 1.000000,
-0.212651, -0.126158, 1.703719, 1.000000,
-0.218323, -0.110827, 1.703815, 1.000000,
-0.225251, -0.083683, 1.703774, 1.000000,
-0.231601, -0.060809, 1.703774, 1.000000,
-0.232892, -0.041597, 1.703498, 1.000000,
-0.232506, -0.010942, 1.702890, 1.000000,
-0.226002, 0.022221, 1.701816, 1.000000,
-0.216166, 0.044694, 1.700718, 1.000000,
-0.201323, 0.074254, 1.699143, 1.000000,
-0.161338, 0.102837, 1.695869, 1.000000,
-0.143622, 0.113745, 1.694451, 1.000000,
-0.124270, 0.125320, 1.692909, 1.000000,
-0.100347, 0.141691, 1.690964, 1.000000,
-0.055476, 0.152526, 1.687692, 1.000000,
-0.052451, 0.143636, 1.699684, 1.000000,
-0.018692, 0.148468, 1.697286, 1.000000,
0.050124, 0.150546, 1.692544, 1.000000,
0.101940, 0.145137, 1.689106, 1.000000,
0.143849, 0.138459, 1.686369, 1.000000,
0.167947, 0.101365, 1.685426, 1.000000,
0.173502, 0.087907, 1.685302, 1.000000,
0.178196, 0.076968, 1.685189, 1.000000,
0.187728, 0.056911, 1.684918, 1.000000,
0.195846, 0.044895, 1.684591, 1.000000,
0.202955, 0.036946, 1.684256, 1.000000,
0.217775, 0.026172, 1.683448, 1.000000,
0.210528, 0.011634, 1.684219, 1.000000,
0.208668, 0.001145, 1.684545, 1.000000,
0.210336, -0.015784, 1.684752, 1.000000,
0.216970, -0.035419, 1.684671, 1.000000,
0.219811, -0.048859, 1.684732, 1.000000,
0.222695, -0.068460, 1.684907, 1.000000,
0.213563, -0.102353, 1.686174, 1.000000,
0.185237, -0.123696, 1.688514, 1.000000,
0.140201, -0.151199, 1.692113, 1.000000,
0.097634, -0.178675, 1.695543, 1.000000,
0.087450, -0.184886, 1.696357, 1.000000,
0.078005, -0.190519, 1.697109, 1.000000,
0.029372, -0.206452, 1.700734, 1.000000,
0.010477, -0.214130, 1.702171, 1.000000,
-0.015447, -0.219219, 1.704039, 1.000000,
-0.031817, -0.222852, 1.705227, 1.000000,
-0.047664, -0.225599, 1.706362, 1.000000,
-0.094391, -0.224433, 1.709532, 1.000000,
-0.116789, -0.217678, 1.710935, 1.000000,
-0.134101, -0.211397, 1.711998, 1.000000,
-0.161219, -0.195798, 1.713555, 1.000000,
-0.176745, -0.179929, 1.714315, 1.000000,
-0.186705, -0.167502, 1.714760, 1.000000,
-0.199287, -0.144907, 1.715191, 1.000000,
-0.208652, -0.126466, 1.715481, 1.000000,
-0.214541, -0.111804, 1.715606, 1.000000,
-0.222846, -0.086259, 1.715689, 1.000000,
-0.228486, -0.061211, 1.715599, 1.000000,
-0.229716, -0.042032, 1.715319, 1.000000,
-0.229558, -0.012557, 1.714749, 1.000000,
-0.222871, 0.019948, 1.713676, 1.000000,
-0.214386, 0.040729, 1.712702, 1.000000,
-0.201837, 0.067625, 1.711334, 1.000000,
-0.162636, 0.099031, 1.708059, 1.000000,
-0.147272, 0.109488, 1.706811, 1.000000,
-0.130877, 0.120243, 1.705487, 1.000000,
-0.097230, 0.133638, 1.702934, 1.000000,
-0.052359, 0.144473, 1.699662, 1.000000,
-0.051633, 0.143863, 1.711654, 1.000000,
-0.017874, 0.148695, 1.709256, 1.000000,
0.050941, 0.150773, 1.704514, 1.000000,
0.094402, 0.147605, 1.701605, 1.000000,
0.130320, 0.143570, 1.699227, 1.000000,
0.162038, 0.119994, 1.697507, 1.000000,
0.174483, 0.096287, 1.697106, 1.000000,
0.182410, 0.078441, 1.696903, 1.000000,
0.185627, 0.053085, 1.697164, 1.000000,
0.190733, 0.041904, 1.697027, 1.000000,
0.194987, 0.034228, 1.696882, 1.000000,
0.203365, 0.022983, 1.696523, 1.000000,
0.203754, 0.009348, 1.696755, 1.000000,
0.205138, -0.000444, 1.696847, 1.000000,
0.208901, -0.016183, 1.696888, 1.000000,
0.219975, -0.035243, 1.696493, 1.000000,
0.222734, -0.049112, 1.696567, 1.000000,
0.223179, -0.069947, 1.696932, 1.000000,
0.207843, -0.106981, 1.698683, 1.000000,
0.181415, -0.126784, 1.700864, 1.000000,
0.141019, -0.150972, 1.704083, 1.000000,
0.098453, -0.178447, 1.707513, 1.000000,
0.088268, -0.184659, 1.708327, 1.000000,
0.078823, -0.190292, 1.709079, 1.000000,
0.030190, -0.206225, 1.712704, 1.000000,
0.011295, -0.213903, 1.714141, 1.000000,
-0.014629, -0.218992, 1.716009, 1.000000,
-0.030999, -0.222625, 1.717197, 1.000000,
-0.046846, -0.225372, 1.718331, 1.000000,
-0.093573, -0.224206, 1.721502, 1.000000,
-0.115971, -0.217451, 1.722905, 1.000000,
-0.133283, -0.211170, 1.723968, 1.000000,
-0.160401, -0.195571, 1.725525, 1.000000,
-0.175927, -0.179701, 1.726285, 1.000000,
-0.185887, -0.167275, 1.726730, 1.000000,
-0.198469, -0.144680, 1.727161, 1.000000,
-0.207834, -0.126239, 1.727451, 1.000000,
-0.213723, -0.111577, 1.727576, 1.000000,
-0.222028, -0.086032, 1.727659, 1.000000,
-0.227668, -0.060984, 1.727569, 1.000000,
-0.228898, -0.041805, 1.727289, 1.000000,
-0.228740, -0.012330, 1.726719, 1.000000,
-0.222054, 0.020174, 1.725646, 1.000000,
-0.213568, 0.040956, 1.724672, 1.000000,
-0.201018, 0.067852, 1.723304, 1.000000,
-0.161818, 0.099258, 1.720029, 1.000000,
-0.146453, 0.109716, 1.718781, 1.000000,
-0.130059, 0.120470, 1.717457, 1.000000,
-0.096413, 0.133864, 1.714904, 1.000000,
-0.051541, 0.144700, 1.711632, 1.000000,
-0.050815, 0.144091, 1.723624, 1.000000,
-0.017056, 0.148922, 1.721226, 1.000000,
0.051759, 0.151000, 1.716484, 1.000000,
0.092147, 0.147435, 1.713792, 1.000000,
0.125020, 0.143619, 1.711618, 1.000000,
0.146956, 0.127970, 1.710416, 1.000000,
0.160306, 0.119209, 1.709670, 1.000000,
0.171732, 0.110240, 1.709060, 1.000000,
0.195650, 0.084246, 1.707918, 1.000000,
0.192591, 0.052403, 1.708731, 1.000000,
0.192086, 0.034740, 1.709101, 1.000000,
0.195924, 0.020917, 1.709101, 1.000000,
0.201381, 0.008689, 1.708960, 1.000000,
0.208073, 0.000168, 1.708664, 1.000000,
0.222693, -0.013164, 1.707918, 1.000000,
0.228685, -0.037588, 1.707972, 1.000000,
0.226985, -0.053607, 1.708392, 1.000000,
0.220204, -0.076449, 1.709289, 1.000000,
0.213153, -0.107636, 1.710362, 1.000000,
0.185779, -0.126586, 1.712592, 1.000000,
0.141837, -0.150745, 1.716053, 1.000000,
0.099271, -0.178220, 1.719483, 1.000000,
0.084579, -0.186038, 1.720635, 1.000000,
0.069337, -0.193736, 1.721823, 1.000000,
0.036683, -0.206045, 1.724287, 1.000000,
0.012112, -0.213676, 1.726111, 1.000000,
-0.013812, -0.218765, 1.727979, 1.000000,
-0.030181, -0.222398, 1.729166, 1.000000,
-0.046028, -0.225145, 1.730301, 1.000000,
-0.092755, -0.223979, 1.733472, 1.000000,
-0.115153, -0.217224, 1.734875, 1.000000,
-0.132465, -0.210943, 1.735938, 1.000000,
-0.159583, -0.195343, 1.737495, 1.000000,
-0.175109, -0.179474, 1.738255, 1.000000,
-0.185069, -0.167048, 1.738700, 1.000000,
-0.197650, -0.144453, 1.739131, 1.000000,
-0.207016, -0.126012, 1.739421, 1.000000,
-0.212906, -0.111351, 1.739546, 1.000000,
-0.221210, -0.085805, 1.739628, 1.000000,
-0.226850, -0.060757, 1.739539, 1.000000,
-0.228080, -0.041578, 1.739259, 1.000000,
-0.227923, -0.012103, 1.738689, 1.000000,
-0.221236, 0.020401, 1.737615, 1.000000,
-0.212751, 0.041183, 1.736642, 1.000000,
-0.200200, 0.068079, 1.735274, 1.000000,
-0.161000, 0.099486, 1.731999, 1.000000,
-0.145635, 0.109943, 1.730751, 1.000000,
-0.129241, 0.120697, 1.729427, 1.000000,
-0.095595, 0.134091, 1.726874, 1.000000,
-0.050724, 0.144927, 1.723602, 1.000000,
-0.049996, 0.144318, 1.735594, 1.000000,
-0.016238, 0.149149, 1.733196, 1.000000,
0.052577, 0.151227, 1.728454, 1.000000,
0.092964, 0.147662, 1.725762, 1.000000,
0.125838, 0.143846, 1.723588, 1.000000,
0.147773, 0.128196, 1.722386, 1.000000,
0.162454, 0.118285, 1.721571, 1.000000,
0.174747, 0.108746, 1.720912, 1.000000,
0.199140, 0.083592, 1.719723, 1.000000,
0.194244, 0.052355, 1.720650, 1.000000,
0.192904, 0.034967, 1.721071, 1.000000,
0.196742, 0.021144, 1.721071, 1.000000,
0.202199, 0.008916, 1.720930, 1.000000,
0.209402, 0.000740, 1.720593, 1.000000,
0.225555, -0.011559, 1.719723, 1.000000,
0.234596, -0.035137, 1.719552, 1.000000,
0.231789, -0.051716, 1.720058, 1.000000,
0.221022, -0.076222, 1.721259, 1.000000,
0.213970, -0.107409, 1.722332, 1.000000,
0.186597, -0.126359, 1.724562, 1.000000,
0.142655, -0.150518, 1.728023, 1.000000,
0.100088, -0.177994, 1.731453, 1.000000,
0.085397, -0.185811, 1.732605, 1.000000,
0.070154, -0.193509, 1.733793, 1.000000,
0.037501, -0.205817, 1.736257, 1.000000,
0.012930, -0.213449, 1.738081, 1.000000,
-0.012993, -0.218538, 1.739949, 1.000000,
-0.029363, -0.222170, 1.741136, 1.000000,
-0.045210, -0.224918, 1.742271, 1.000000,
-0.091937, -0.223751, 1.745442, 1.000000,
-0.114335, -0.216997, 1.746844, 1.000000,
-0.131647, -0.210716, 1.747908, 1.000000,
-0.158765, -0.195116, 1.749465, 1.000000,
-0.174291, -0.179247, 1.750225, 1.000000,
-0.184251, -0.166821, 1.750670, 1.000000,
-0.196832, -0.144226, 1.751101, 1.000000,
-0.206198, -0.125785, 1.751391, 1.000000,
-0.212088, -0.111123, 1.751516, 1.000000,
-0.220393, -0.085578, 1.751599, 1.000000,
-0.226032, -0.060530, 1.751509, 1.000000,
-0.227262, -0.041351, 1.751229, 1.000000,
-0.227105, -0.011876, 1.750659, 1.000000,
-0.220418, 0.020629, 1.749586, 1.000000,
-0.211933, 0.041410, 1.748611, 1.000000,
-0.199382, 0.068306, 1.747244, 1.000000,
-0.160182, 0.099713, 1.743969, 1.000000,
-0.144817, 0.110170, 1.742721, 1.000000,
-0.128423, 0.120924, 1.741397, 1.000000,
-0.094777, 0.134319, 1.738844, 1.000000,
-0.049906, 0.145154, 1.735572, 1.000000,
-0.049179, 0.144544, 1.747564, 1.000000,
-0.015420, 0.149376, 1.745166, 1.000000,
0.053395, 0.151454, 1.740424, 1.000000,
0.093782, 0.147889, 1.737732, 1.000000,
0.126656, 0.144073, 1.735558, 1.000000,
0.148591, 0.128423, 1.734356, 1.000000,
0.164757, 0.120445, 1.733403, 1.000000,
0.178182, 0.111929, 1.732647, 1.000000,
0.204253, 0.085822, 1.731361, 1.000000,
0.196404, 0.053208, 1.732516, 1.000000,
0.193722, 0.035195, 1.733041, 1.000000,
0.197560, 0.021371, 1.733041, 1.000000,
0.203017, 0.009143, 1.732900, 1.000000,
0.210783, 0.001124, 1.732521, 1.000000,
0.228625, -0.010707, 1.731527, 1.000000,
0.238617, -0.035338, 1.731311, 1.000000,
0.234959, -0.051950, 1.731876, 1.000000,
0.221840, -0.075995, 1.733229, 1.000000,
0.214788, -0.107182, 1.734302, 1.000000,
0.187415, -0.126132, 1.736532, 1.000000,
0.143473, -0.150290, 1.739993, 1.000000,
0.100906, -0.177766, 1.743423, 1.000000,
0.086214, -0.185585, 1.744575, 1.000000,
0.070972, -0.193282, 1.745762, 1.000000,
0.038319, -0.205590, 1.748227, 1.000000,
0.013748, -0.213222, 1.750051, 1.000000,
-0.012175, -0.218311, 1.751919, 1.000000,
-0.028545, -0.221943, 1.753106, 1.000000,
-0.044392, -0.224690, 1.754241, 1.000000,
-0.091120, -0.223525, 1.757412, 1.000000,
-0.113517, -0.216770, 1.758814, 1.000000,
-0.130829, -0.210489, 1.759878, 1.000000,
-0.157947, -0.194889, 1.761435, 1.000000,
-0.173473, -0.179020, 1.762195, 1.000000,
-0.183434, -0.166594, 1.762640, 1.000000,
-0.196014, -0.143999, 1.763071, 1.000000,
-0.205380, -0.125558, 1.763361, 1.000000,
-0.211270, -0.110896, 1.763486, 1.000000,
-0.219575, -0.085351, 1.763568, 1.000000,
-0.225215, -0.060303, 1.763479, 1.000000,
-0.226444, -0.041124, 1.763199, 1.000000,
-0.226287, -0.011649, 1.762629, 1.000000,
-0.219600, 0.020856, 1.761555, 1.000000,
-0.211115, 0.041637, 1.760581, 1.000000,
-0.198565, 0.068533, 1.759214, 1.000000,
-0.159364, 0.099940, 1.755939, 1.000000,
-0.143999, 0.110397, 1.754691, 1.000000,
-0.127605, 0.121151, 1.753367, 1.000000,
-0.093958, 0.134546, 1.750814, 1.000000,
-0.049088, 0.145381, 1.747542, 1.000000,
-0.048361, 0.144772, 1.759534, 1.000000,
-0.014602, 0.149603, 1.757136, 1.000000,
0.054214, 0.151681, 1.752394, 1.000000,
0.094648, 0.146305, 1.749733, 1.000000,
0.127554, 0.141282, 1.747580, 1.000000,
0.149409, 0.128651, 1.746326, 1.000000,
0.162760, 0.119891, 1.745580, 1.000000,
0.172711, 0.110410, 1.745080, 1.000000,
0.186299, 0.080838, 1.744712, 1.000000,
0.191356, 0.051807, 1.744918, 1.000000,
0.194540, 0.035421, 1.745011, 1.000000,
0.198377, 0.021598, 1.745011, 1.000000,
0.202145, 0.008901, 1.744994, 1.000000,
0.205271, -0.000610, 1.744961, 1.000000,
0.210880, -0.016444, 1.744878, 1.000000,
0.217275, -0.032851, 1.744752, 1.000000,
0.220153, -0.046788, 1.744820, 1.000000,
0.223239, -0.069120, 1.745033, 1.000000,
0.212826, -0.098402, 1.746300, 1.000000,
0.186196, -0.120390, 1.748537, 1.000000,
0.144290, -0.150064, 1.751963, 1.000000,
0.101724, -0.177539, 1.755393, 1.000000,
0.087032, -0.185357, 1.756545, 1.000000,
0.071790, -0.193055, 1.757733, 1.000000,
0.039137, -0.205363, 1.760197, 1.000000,
0.014566, -0.212995, 1.762021, 1.000000,
-0.011357, -0.218084, 1.763889, 1.000000,
-0.027727, -0.221716, 1.765076, 1.000000,
-0.043575, -0.224464, 1.766211, 1.000000,
-0.090302, -0.223297, 1.769382, 1.000000,
-0.112699, -0.216543, 1.770784, 1.000000,
-0.130012, -0.210262, 1.771848, 1.000000,
-0.157129, -0.194662, 1.773405, 1.000000,
-0.172656, -0.178793, 1.774165, 1.000000,
-0.182616, -0.166367, 1.774610, 1.000000,
-0.195196, -0.143772, 1.775041, 1.000000,
-0.204562, -0.125331, 1.775331, 1.000000,
-0.210452, -0.110669, 1.775455, 1.000000,
-0.218757, -0.085124, 1.775538, 1.000000,
-0.224397, -0.060076, 1.775449, 1.000000,
-0.225627, -0.040897, 1.775169, 1.000000,
-0.225469, -0.011421, 1.774599, 1.000000,
-0.218782, 0.021083, 1.773525, 1.000000,
-0.210297, 0.041864, 1.772551, 1.000000,
-0.197747, 0.068760, 1.771184, 1.000000,
-0.158546, 0.100167, 1.767909, 1.000000,
-0.143182, 0.110624, 1.766661, 1.000000,
-0.126788, 0.121378, 1.765337, 1.000000,
-0.093140, 0.134773, 1.762784, 1.000000,
-0.048270, 0.145609, 1.759512, 1.000000,
-0.068340, 0.150577, 1.772819, 1.000000,
-0.036869, 0.155117, 1.770583, 1.000000,
0.009925, 0.160683, 1.767280, 1.000000,
0.027165, 0.161838, 1.766080, 1.000000,
0.041479, 0.162645, 1.765086, 1.000000,
0.066885, 0.160225, 1.763396, 1.000000,
0.082727, 0.155615, 1.762401, 1.000000,
0.095184, 0.151327, 1.761631, 1.000000,
0.117244, 0.140338, 1.760332, 1.000000,
0.134852, 0.128053, 1.759362, 1.000000,
0.147733, 0.118121, 1.758671, 1.000000,
0.165617, 0.100116, 1.757790, 1.000000,
0.177626, 0.080739, 1.757337, 1.000000,
0.184131, 0.066901, 1.757155, 1.000000,
0.192658, 0.044631, 1.756995, 1.000000,
0.199226, 0.017226, 1.757066, 1.000000,
0.202241, -0.000899, 1.757204, 1.000000,
0.204123, -0.025655, 1.757545, 1.000000,
0.198839, -0.056592, 1.758493, 1.000000,
0.192527, -0.074026, 1.759255, 1.000000,
0.183678, -0.095086, 1.760259, 1.000000,
0.164652, -0.122280, 1.762075, 1.000000,
0.151820, -0.134733, 1.763188, 1.000000,
0.136851, -0.148403, 1.764470, 1.000000,
0.102666, -0.167876, 1.767175, 1.000000,
0.060908, -0.182521, 1.770306, 1.000000,
0.017331, -0.194871, 1.773518, 1.000000,
-0.008205, -0.200526, 1.775371, 1.000000,
-0.031017, -0.205409, 1.777022, 1.000000,
-0.070681, -0.209783, 1.779815, 1.000000,
-0.094753, -0.209057, 1.781446, 1.000000,
-0.113538, -0.207748, 1.782705, 1.000000,
-0.142235, -0.195859, 1.784440, 1.000000,
-0.160406, -0.176465, 1.785314, 1.000000,
-0.172428, -0.159618, 1.785816, 1.000000,
-0.189569, -0.130977, 1.786444, 1.000000,
-0.201854, -0.102667, 1.786746, 1.000000,
-0.208865, -0.083170, 1.786856, 1.000000,
-0.217448, -0.054020, 1.786889, 1.000000,
-0.222555, -0.022650, 1.786643, 1.000000,
-0.224087, -0.003425, 1.786383, 1.000000,
-0.223675, 0.021725, 1.785878, 1.000000,
-0.214609, 0.049385, 1.784733, 1.000000,
-0.205766, 0.063324, 1.783865, 1.000000,
-0.193959, 0.080044, 1.782741, 1.000000,
-0.171714, 0.100893, 1.780825, 1.000000,
-0.157735, 0.110040, 1.779697, 1.000000,
-0.140978, 0.120422, 1.778355, 1.000000,
-0.096514, 0.140227, 1.774941, 1.000000,
-0.066946, 0.150801, 1.772720, 1.000000,
-0.064055, 0.141226, 1.784734, 1.000000,
-0.035666, 0.144529, 1.782731, 1.000000,
0.007866, 0.148785, 1.779676, 1.000000,
0.024902, 0.149859, 1.778492, 1.000000,
0.039216, 0.150665, 1.777498, 1.000000,
0.063416, 0.148353, 1.775889, 1.000000,
0.077537, 0.143895, 1.775008, 1.000000,
0.088433, 0.139747, 1.774342, 1.000000,
0.108168, 0.129232, 1.773193, 1.000000,
0.124373, 0.117560, 1.772307, 1.000000,
0.136351, 0.108141, 1.771668, 1.000000,
0.153481, 0.091349, 1.770816, 1.000000,
0.165845, 0.073653, 1.770307, 1.000000,
0.172939, 0.061123, 1.770059, 1.000000,
0.181652, 0.040420, 1.769857, 1.000000,
0.186912, 0.013855, 1.770001, 1.000000,
0.188543, -0.004082, 1.770230, 1.000000,
0.189111, -0.028369, 1.770652, 1.000000,
0.184149, -0.057999, 1.771553, 1.000000,
0.178877, -0.074382, 1.772224, 1.000000,
0.171413, -0.094328, 1.773113, 1.000000,
0.154966, -0.121059, 1.774744, 1.000000,
0.143743, -0.133827, 1.775753, 1.000000,
0.130618, -0.147832, 1.776915, 1.000000,
0.100163, -0.167594, 1.779371, 1.000000,
0.062585, -0.182223, 1.782216, 1.000000,
0.022173, -0.194119, 1.785203, 1.000000,
-0.002153, -0.199275, 1.786963, 1.000000,
-0.023954, -0.203686, 1.788537, 1.000000,
-0.062223, -0.206433, 1.791204, 1.000000,
-0.085747, -0.204053, 1.792766, 1.000000,
-0.104169, -0.201307, 1.793973, 1.000000,
-0.132273, -0.188449, 1.795649, 1.000000,
-0.150022, -0.169910, 1.796510, 1.000000,
-0.161749, -0.154127, 1.797012, 1.000000,
-0.178233, -0.127527, 1.797634, 1.000000,
-0.189647, -0.101567, 1.797921, 1.000000,
-0.195990, -0.083792, 1.798018, 1.000000,
-0.203629, -0.056771, 1.798027, 1.000000,
-0.207842, -0.026721, 1.797745, 1.000000,
-0.208872, -0.007930, 1.797459, 1.000000,
-0.208220, 0.016409, 1.796953, 1.000000,
-0.200366, 0.042297, 1.795925, 1.000000,
-0.192868, 0.054909, 1.795173, 1.000000,
-0.182661, 0.070189, 1.794186, 1.000000,
-0.162342, 0.090189, 1.792418, 1.000000,
-0.149169, 0.099493, 1.791341, 1.000000,
-0.133417, 0.110051, 1.790065, 1.000000,
-0.092164, 0.130131, 1.786865, 1.000000,
-0.064914, 0.140825, 1.784800, 1.000000,
-0.060350, 0.125227, 1.796814, 1.000000,
-0.034769, 0.130422, 1.794968, 1.000000,
0.004459, 0.136312, 1.792176, 1.000000,
0.019811, 0.137094, 1.791112, 1.000000,
0.032712, 0.137509, 1.790222, 1.000000,
0.056193, 0.135439, 1.788657, 1.000000,
0.071309, 0.131889, 1.787692, 1.000000,
0.083293, 0.128614, 1.786935, 1.000000,
0.102739, 0.119493, 1.785779, 1.000000,
0.116420, 0.108770, 1.785048, 1.000000,
0.125933, 0.100003, 1.784564, 1.000000,
0.140582, 0.083690, 1.783873, 1.000000,
0.152911, 0.065579, 1.783374, 1.000000,
0.160731, 0.052488, 1.783088, 1.000000,
0.170108, 0.032238, 1.782831, 1.000000,
0.175163, 0.008972, 1.782927, 1.000000,
0.176311, -0.005857, 1.783130, 1.000000,
0.176450, -0.026220, 1.783507, 1.000000,
0.171745, -0.052046, 1.784318, 1.000000,
0.166964, -0.066767, 1.784924, 1.000000,
0.160244, -0.084908, 1.785727, 1.000000,
0.145701, -0.110563, 1.787208, 1.000000,
0.135864, -0.123519, 1.788126, 1.000000,
0.124325, -0.137752, 1.789184, 1.000000,
0.097117, -0.158162, 1.791430, 1.000000,
0.063212, -0.173679, 1.794042, 1.000000,
0.027765, -0.184668, 1.796672, 1.000000,
0.006957, -0.188304, 1.798163, 1.000000,
-0.011634, -0.191252, 1.799489, 1.000000,
-0.046264, -0.192209, 1.801874, 1.000000,
-0.069177, -0.189365, 1.803385, 1.000000,
-0.087470, -0.186393, 1.804579, 1.000000,
-0.115302, -0.175011, 1.806265, 1.000000,
-0.132785, -0.159592, 1.807167, 1.000000,
-0.144305, -0.146613, 1.807708, 1.000000,
-0.160371, -0.123544, 1.808368, 1.000000,
-0.171285, -0.099331, 1.808654, 1.000000,
-0.177254, -0.082216, 1.808738, 1.000000,
-0.184610, -0.056396, 1.808751, 1.000000,
-0.189118, -0.028104, 1.808522, 1.000000,
-0.190559, -0.010572, 1.808288, 1.000000,
-0.190918, 0.012143, 1.807881, 1.000000,
-0.185863, 0.036331, 1.807077, 1.000000,
-0.180613, 0.048130, 1.806495, 1.000000,
-0.172960, 0.062377, 1.805701, 1.000000,
-0.154939, 0.080749, 1.804122, 1.000000,
-0.142277, 0.089148, 1.803097, 1.000000,
-0.127086, 0.098643, 1.801879, 1.000000,
-0.086645, 0.116163, 1.798783, 1.000000,
-0.059707, 0.125244, 1.796770, 1.000000,
-0.054981, 0.117800, 1.808619, 1.000000,
-0.030617, 0.121893, 1.806876, 1.000000,
0.004763, 0.126804, 1.804365, 1.000000,
0.017156, 0.127724, 1.803501, 1.000000,
0.027337, 0.128338, 1.802794, 1.000000,
0.047471, 0.126685, 1.801449, 1.000000,
0.061689, 0.123447, 1.800539, 1.000000,
0.073221, 0.120429, 1.799809, 1.000000,
0.091719, 0.111476, 1.798714, 1.000000,
0.104490, 0.100593, 1.798048, 1.000000,
0.113295, 0.091630, 1.797617, 1.000000,
0.126633, 0.075590, 1.797009, 1.000000,
0.137506, 0.058608, 1.796589, 1.000000,
0.144276, 0.046560, 1.796355, 1.000000,
0.152169, 0.028507, 1.796158, 1.000000,
0.155819, 0.008992, 1.796279, 1.000000,
0.156180, -0.003003, 1.796481, 1.000000,
0.156249, -0.020115, 1.796801, 1.000000,
0.154882, -0.043994, 1.797348, 1.000000,
0.153477, -0.058540, 1.797720, 1.000000,
0.150504, -0.076370, 1.798261, 1.000000,
0.138742, -0.101001, 1.799532, 1.000000,
0.129061, -0.113150, 1.800424, 1.000000,
0.117767, -0.126583, 1.801451, 1.000000,
0.091953, -0.147099, 1.803604, 1.000000,
0.060405, -0.164251, 1.806085, 1.000000,
0.027961, -0.175978, 1.808524, 1.000000,
0.009206, -0.179524, 1.809873, 1.000000,
-0.007520, -0.182336, 1.811069, 1.000000,
-0.038206, -0.183061, 1.813180, 1.000000,
-0.058147, -0.180079, 1.814486, 1.000000,
-0.073998, -0.177001, 1.815510, 1.000000,
-0.099012, -0.165249, 1.816997, 1.000000,
-0.115814, -0.149348, 1.817843, 1.000000,
-0.127254, -0.135966, 1.818371, 1.000000,
-0.142804, -0.113319, 1.819004, 1.000000,
-0.152664, -0.091085, 1.819256, 1.000000,
-0.157739, -0.075821, 1.819313, 1.000000,
-0.163910, -0.053425, 1.819310, 1.000000,
-0.167469, -0.030251, 1.819113, 1.000000,
-0.168458, -0.016408, 1.818918, 1.000000,
-0.168424, 0.002236, 1.818562, 1.000000,
-0.163657, 0.024635, 1.817812, 1.000000,
-0.158908, 0.036866, 1.817255, 1.000000,
-0.152286, 0.051599, 1.816523, 1.000000,
-0.138235, 0.070363, 1.815207, 1.000000,
-0.128821, 0.078814, 1.814404, 1.000000,
-0.117150, 0.088468, 1.813423, 1.000000,
-0.081037, 0.107704, 1.810591, 1.000000,
-0.055298, 0.118360, 1.808630, 1.000000,
-0.051732, 0.097621, 1.820810, 1.000000,
-0.030804, 0.100378, 1.819327, 1.000000,
-0.000346, 0.103340, 1.817190, 1.000000,
0.010376, 0.103569, 1.816453, 1.000000,
0.019193, 0.103612, 1.815849, 1.000000,
0.035532, 0.102168, 1.814760, 1.000000,
0.046278, 0.100044, 1.814066, 1.000000,
0.054846, 0.098110, 1.813518, 1.000000,
0.070494, 0.091940, 1.812565, 1.000000,
0.083477, 0.084172, 1.811826, 1.000000,
0.093108, 0.077726, 1.811290, 1.000000,
0.106995, 0.065013, 1.810582, 1.000000,
0.117212, 0.049969, 1.810169, 1.000000,
0.123158, 0.038837, 1.809974, 1.000000,
0.130527, 0.022491, 1.809781, 1.000000,
0.135154, 0.005544, 1.809786, 1.000000,
0.136713, -0.004592, 1.809872, 1.000000,
0.137816, -0.018948, 1.810069, 1.000000,
0.135698, -0.038637, 1.810587, 1.000000,
0.132976, -0.050496, 1.810998, 1.000000,
0.128974, -0.065273, 1.811552, 1.000000,
0.119367, -0.087158, 1.812623, 1.000000,
0.112562, -0.098701, 1.813307, 1.000000,
0.104515, -0.111446, 1.814099, 1.000000,
0.084641, -0.130695, 1.815822, 1.000000,
0.059198, -0.146534, 1.817861, 1.000000,
0.032214, -0.157846, 1.819920, 1.000000,
0.016166, -0.161662, 1.821088, 1.000000,
0.001806, -0.164771, 1.822129, 1.000000,
-0.026292, -0.166272, 1.824077, 1.000000,
-0.045919, -0.163974, 1.825375, 1.000000,
-0.061798, -0.161476, 1.826412, 1.000000,
-0.084705, -0.151319, 1.827785, 1.000000,
-0.097588, -0.137278, 1.828399, 1.000000,
-0.105564, -0.125413, 1.828719, 1.000000,
-0.117085, -0.105678, 1.829132, 1.000000,
-0.125596, -0.086790, 1.829355, 1.000000,
-0.130563, -0.073975, 1.829451, 1.000000,
-0.137002, -0.054903, 1.829529, 1.000000,
-0.141792, -0.034568, 1.829471, 1.000000,
-0.143899, -0.022181, 1.829380, 1.000000,
-0.145747, -0.005634, 1.829192, 1.000000,
-0.144538, 0.013775, 1.828741, 1.000000,
-0.142320, 0.024158, 1.828393, 1.000000,
-0.138702, 0.036711, 1.827908, 1.000000,
-0.128198, 0.052975, 1.826881, 1.000000,
-0.120226, 0.060453, 1.826195, 1.000000,
-0.110136, 0.069087, 1.825342, 1.000000,
-0.076233, 0.087576, 1.822674, 1.000000,
-0.051299, 0.098390, 1.820765, 1.000000,
-0.042176, 0.060545, 1.832890, 1.000000,
-0.028748, 0.064273, 1.831902, 1.000000,
-0.006916, 0.068789, 1.830324, 1.000000,
0.002539, 0.069677, 1.829661, 1.000000,
0.010630, 0.070282, 1.829097, 1.000000,
0.024501, 0.070173, 1.828151, 1.000000,
0.032757, 0.069152, 1.827606, 1.000000,
0.039164, 0.068145, 1.827188, 1.000000,
0.050942, 0.063925, 1.826463, 1.000000,
0.060787, 0.058032, 1.825902, 1.000000,
0.068109, 0.053045, 1.825496, 1.000000,
0.078570, 0.044157, 1.824950, 1.000000,
0.086100, 0.034798, 1.824613, 1.000000,
0.090414, 0.028174, 1.824444, 1.000000,
0.095751, 0.018300, 1.824267, 1.000000,
0.099079, 0.007738, 1.824240, 1.000000,
0.100184, 0.001292, 1.824286, 1.000000,
0.101710, -0.007931, 1.824357, 1.000000,
0.103677, -0.020889, 1.824469, 1.000000,
0.104812, -0.028816, 1.824541, 1.000000,
0.105317, -0.038456, 1.824690, 1.000000,
0.100589, -0.051307, 1.825256, 1.000000,
0.095509, -0.057410, 1.825719, 1.000000,
0.089628, -0.064302, 1.826252, 1.000000,
0.076803, -0.076926, 1.827368, 1.000000,
0.061608, -0.089920, 1.828653, 1.000000,
0.043772, -0.099590, 1.830055, 1.000000,
0.032252, -0.103158, 1.830910, 1.000000,
0.021848, -0.106123, 1.831677, 1.000000,
0.003056, -0.109922, 1.833033, 1.000000,
-0.008927, -0.111114, 1.833874, 1.000000,
-0.018404, -0.111799, 1.834535, 1.000000,
-0.034945, -0.109262, 1.835617, 1.000000,
-0.047894, -0.103355, 1.836390, 1.000000,
-0.057299, -0.097992, 1.836931, 1.000000,
-0.070029, -0.087600, 1.837603, 1.000000,
-0.078006, -0.075534, 1.837920, 1.000000,
-0.082067, -0.066665, 1.838029, 1.000000,
-0.087516, -0.053883, 1.838159, 1.000000,
-0.092028, -0.041166, 1.838226, 1.000000,
-0.094271, -0.033777, 1.838239, 1.000000,
-0.096742, -0.023853, 1.838220, 1.000000,
-0.097815, -0.012029, 1.838069, 1.000000,
-0.097539, -0.005619, 1.837928, 1.000000,
-0.096599, 0.002570, 1.837709, 1.000000,
-0.091623, 0.015911, 1.837115, 1.000000,
-0.087303, 0.023521, 1.836676, 1.000000,
-0.081573, 0.032257, 1.836119, 1.000000,
-0.059007, 0.050292, 1.834235, 1.000000,
-0.041534, 0.060560, 1.832846, 1.000000,
-0.026560, 0.001638, 1.844970, 1.000000,
-0.022614, 0.003878, 1.844658, 1.000000,
-0.016652, 0.007176, 1.844188, 1.000000,
-0.014384, 0.008366, 1.844011, 1.000000,
-0.012487, 0.009351, 1.843863, 1.000000,
-0.008148, 0.010382, 1.843547, 1.000000,
-0.004658, 0.010451, 1.843307, 1.000000,
-0.001745, 0.010382, 1.843109, 1.000000,
0.003199, 0.009959, 1.842779, 1.000000,
0.006925, 0.009312, 1.842537, 1.000000,
0.009591, 0.008755, 1.842365, 1.000000,
0.013546, 0.007180, 1.842125, 1.000000,
0.016639, 0.004735, 1.841960, 1.000000,
0.018515, 0.002776, 1.841869, 1.000000,
0.021129, -0.000313, 1.841749, 1.000000,
0.023527, -0.003983, 1.841655, 1.000000,
0.024836, -0.006367, 1.841610, 1.000000,
0.026461, -0.009684, 1.841562, 1.000000,
0.027941, -0.014038, 1.841544, 1.000000,
0.028533, -0.016582, 1.841552, 1.000000,
0.029202, -0.019710, 1.841565, 1.000000,
0.029782, -0.024081, 1.841609, 1.000000,
0.029893, -0.026263, 1.841642, 1.000000,
0.029889, -0.028696, 1.841689, 1.000000,
0.028037, -0.032707, 1.841891, 1.000000,
0.024344, -0.036403, 1.842214, 1.000000,
0.020099, -0.039786, 1.842568, 1.000000,
0.017399, -0.041512, 1.842785, 1.000000,
0.014965, -0.043027, 1.842980, 1.000000,
0.010353, -0.045057, 1.843334, 1.000000,
0.007240, -0.045792, 1.843561, 1.000000,
0.004744, -0.046256, 1.843740, 1.000000,
0.000407, -0.047106, 1.844052, 1.000000,
-0.002965, -0.047814, 1.844296, 1.000000,
-0.005406, -0.048339, 1.844473, 1.000000,
-0.009499, -0.048352, 1.844753, 1.000000,
-0.013460, -0.047122, 1.845000, 1.000000,
-0.016163, -0.045888, 1.845162, 1.000000,
-0.019915, -0.043577, 1.845374, 1.000000,
-0.023324, -0.040074, 1.845541, 1.000000,
-0.025171, -0.037534, 1.845619, 1.000000,
-0.027691, -0.033981, 1.845723, 1.000000,
-0.030829, -0.029251, 1.845848, 1.000000,
-0.032594, -0.026460, 1.845916, 1.000000,
-0.034312, -0.022712, 1.845962, 1.000000,
-0.033961, -0.015536, 1.845802, 1.000000,
-0.032408, -0.010984, 1.845610, 1.000000,
-0.030659, -0.006055, 1.845397, 1.000000,
-0.027511, -0.000009, 1.845067, 1.000000,
-0.025917, 0.001654, 1.844926, 1.000000,
-0.004227, -0.020541, 1.843865, 1.000000,
-0.004129, -0.020894, 1.843865, 1.000000,
-0.003931, -0.021351, 1.843860, 1.000000,
-0.003818, -0.021466, 1.843855, 1.000000,
-0.003718, -0.021553, 1.843850, 1.000000,
-0.003693, -0.021760, 1.843852, 1.000000,
-0.003802, -0.021934, 1.843863, 1.000000,
-0.003914, -0.022080, 1.843873, 1.000000,
-0.003946, -0.022077, 1.843875, 1.000000,
-0.003801, -0.021805, 1.843860, 1.000000,
-0.003646, -0.021534, 1.843844, 1.000000,
-0.003471, -0.021222, 1.843826, 1.000000,
-0.003418, -0.021127, 1.843821, 1.000000,
-0.003418, -0.021127, 1.843821, 1.000000,
-0.003386, -0.021145, 1.843819, 1.000000,
-0.003282, -0.021203, 1.843813, 1.000000,
-0.003191, -0.021255, 1.843808, 1.000000,
-0.003069, -0.021316, 1.843801, 1.000000,
-0.002923, -0.021366, 1.843792, 1.000000,
-0.002843, -0.021381, 1.843787, 1.000000,
-0.002779, -0.021367, 1.843782, 1.000000,
-0.002910, -0.021138, 1.843787, 1.000000,
-0.003085, -0.020919, 1.843794, 1.000000,
-0.003271, -0.020701, 1.843803, 1.000000,
-0.003458, -0.020704, 1.843816, 1.000000,
-0.003502, -0.021097, 1.843826, 1.000000,
-0.003672, -0.021418, 1.843844, 1.000000,
-0.003840, -0.021558, 1.843858, 1.000000,
-0.003996, -0.021679, 1.843871, 1.000000,
-0.004052, -0.021601, 1.843873, 1.000000,
-0.003906, -0.021319, 1.843858, 1.000000,
-0.003753, -0.021048, 1.843842, 1.000000,
-0.003579, -0.020999, 1.843830, 1.000000,
-0.003539, -0.021408, 1.843835, 1.000000,
-0.003537, -0.021827, 1.843842, 1.000000,
-0.003517, -0.022175, 1.843848, 1.000000,
-0.003473, -0.022005, 1.843841, 1.000000,
-0.003436, -0.021727, 1.843834, 1.000000,
-0.003331, -0.021392, 1.843820, 1.000000,
-0.003110, -0.021203, 1.843802, 1.000000,
-0.002934, -0.021154, 1.843789, 1.000000,
-0.002745, -0.021092, 1.843774, 1.000000,
-0.002687, -0.021033, 1.843769, 1.000000,
-0.002732, -0.021008, 1.843772, 1.000000,
-0.002810, -0.020998, 1.843777, 1.000000,
-0.003057, -0.021122, 1.843796, 1.000000,
-0.003249, -0.021251, 1.843812, 1.000000,
-0.003445, -0.021381, 1.843828, 1.000000,
-0.003497, -0.021386, 1.843831, 1.000000,
-0.003376, -0.021277, 1.843821, 1.000000,


